id
Q1958273
Q6496386
Q155
Q38903
Q3964488
Q20050261
Q54586820
Q54586868
Q193350
Q10341322
Q20050259
Q54568647
Q54568666
Q83189
Q27599905
Q28677972
Q1789883
Q1797522
Q27601444
Q54573297
Q54573310
Q9688045
Q54577193
Q54577201
Q168929
Q18469070
Q54579236
Q54579277
Q27601953
Q183387
Q20050296
Q10320290
Q10395087
Q33
Q4793795
Q30
Q25160461
Q193740
Q3567182
Q145
Q222595
Q1107953
Q20
Q4411668
Q99319688
Q9212
Q11660484
Q131578
Q1062659
Q1150311
Q97179428
Q17
Q108040172
Q108040390
Q108040438
Q11431657
Q11493884
Q17218918
Q19814551
Q20041029
Q20811303
Q20830991
Q20856743
Q24860755
Q27917547
Q418096
Q100250343
Q21129946
Q36180
Q37073
Q13395019
Q5287
Q24865518
Q42742220
Q1052483
Q1052494
Q12582416
Q16096936
Q5359563
Q9323091
Q9424390
Q35765
Q8661588
Q4784362
Q850412
Q997481
Q965355
Q1200105
Q513712
Q2760837
Q347428
Q362271
Q362277
Q449924
Q517482
Q8258739
Q1490
Q9640141
Q6607
Q3321920
Q128280
Q7376436
Q94127667
Q96
Q37945735
Q37945744
Q1489
Q16149522
Q2807107
Q2860777
Q3067581
Q3257069
Q3438484
Q1650296
Q220830
Q7749
Q848399
Q5029631
Q84217575
Q37945760
Q37945770
Q60
Q3486623
Q49846969
Q18074899
Q64763427
Q205049
Q639197
Q846383
Q11317947
Q17158443
Q122723
Q18345375
Q8341
Q944465
Q9764
Q3954932
Q4787986
Q286080
Q65169864
Q65169944
Q9730
Q2509507
Q11399
Q211756
Q484641
Q487914
Q739138
Q16917858
Q3841598
Q14397690
Q1078203
Q1202628
Q1328605
Q22126104
Q15059553
Q11624938
Q501967
Q616540
Q616550
Q616579
Q617101
Q617105
Q67498572
Q869448
Q9058151
Q9103343
Q9134891
Q8638154
Q27917541
Q1463857
Q18544
Q538923
Q7354863
Q16096634
Q211723
Q483251
Q57143
Q15715482
Q11231576
Q1515039
Q719628
Q18987566
Q36598949
Q18467625
Q3132146
Q11363028
Q15944159
Q15944170
Q16632397
Q1046989
Q10855074
Q11341989
Q11386897
Q11465156
Q11488622
Q11553908
Q11586910
Q11644231
Q11645062
Q11653911
Q11654103
Q11671566
Q11677645
Q1317219
Q2595640
Q3024312
Q3565790
Q4746090
Q4923630
Q4924248
Q4925050
Q5364105
Q6422463
Q6422475
Q6422850
Q900871
Q9076902
Q211861
Q6423069
Q14399028
Q1072803
Q732503
Q100453263
Q106727599
Q106727764
Q106727782
Q11445532
Q11449883
Q11450802
Q11486420
Q11532332
Q11583088
Q11649252
Q16263904
Q17218365
Q17349868
Q20040102
Q20041912
Q35567820
Q27861491
Q8739593
Q1298934
Q10988713
Q11259172
Q6814265
Q987085
Q1155641
Q539822
Q953652
Q1190098
Q1201313
Q1201327
Q1201353
Q1202383
Q1317066
Q1317087
Q18817418
Q19359166
Q19363231
Q19363236
Q20444455
Q234063
Q236340
Q265069
Q28026594
Q28026595
Q65123756
Q65123759
Q65123762
Q665882
Q6362285
Q9211179
Q15459065
Q8194234
Q18468927
Q11190781
Q11242380
Q11427249
Q11529119
Q11645783
Q11678508
Q16672223
Q16681459
Q17160679
Q17214336
Q17226448
Q17350951
Q17639351
Q17988062
Q18398315
Q19169001
Q21294824
Q21294825
Q21294877
Q23816463
Q38277537
Q38277953
Q41657107
Q42302948
Q47471711
Q47471741
Q50823116
Q50823187
Q51129851
Q63131154
Q63213330
Q74146866
Q83682590
Q83682593
Q9009848
Q697233
Q17477329
Q457860
Q11046687
Q241257
Q16150927
Q6621232
Q167557
Q1036673
Q1037274
Q1038465
Q1050749
Q1050759
Q1050806
Q1051589
Q1052497
Q1052513
Q1055975
Q1072639
Q1072642
Q1072649
Q1072664
Q1072674
Q1072680
Q1072687
Q1072697
Q1072701
Q1074100
Q1081538
Q1091554
Q11263298
Q1130749
Q1135561
Q1136309
Q1136313
Q1136325
Q11415882
Q1150583
Q1150600
Q1150617
Q1154210
Q1154232
Q1155826
Q11583934
Q1182478
Q1189796
Q1189839
Q1192587
Q1194218
Q1195752
Q1195767
Q1195876
Q1197058
Q1197170
Q1197201
Q1207378
Q1209696
Q12590308
Q1329721
Q1329748
Q13370584
Q1365468
Q15059210
Q15731565
Q15900282
Q15903322
Q15906889
Q15908991
Q16097923
Q169210
Q169248
Q169400
Q169689
Q17221181
Q181797
Q181881
Q18233965
Q18337363
Q187662
Q213200
Q22099276
Q224840
Q27950614
Q2827920
Q399524
Q399637
Q4203271
Q431823
Q533555
Q5358943
Q5359577
Q5360101
Q5370983
Q564534
Q5926327
Q60933
Q6128935
Q6847102
Q7302681
Q772149
Q8011313
Q8011327
Q8011387
Q8011506
Q8011554
Q846509
Q846512
Q846530
Q846934
Q867478
Q867482
Q867486
Q867489
Q867495
Q867507
Q867514
Q869966
Q872405
Q875879
Q875972
Q876130
Q876251
Q8973022
Q898511
Q9040278
Q934330
Q9430186
Q959059
Q7445993
Q6998266
Q13518815
Q1051728
Q1136486
Q1136493
Q11478725
Q1150774
Q1155348
Q1316632
Q1349198
Q14880277
Q17218088
Q18700345
Q22128035
Q24449574
Q29635449
Q871298
Q8694587
Q613910
Q11200936
Q11289633
Q16140965
Q10850991
Q5930742
Q1988428
Q9426784
Q11287832
Q4162172
Q1141910
Q1143678
Q1193372
Q1195485
Q1329736
Q1333025
Q1372601
Q778500
Q8788464
Q11167880
Q3382480
Q4162163
Q1054608
Q1153998
Q1155725
Q1196239
Q1196248
Q1196253
Q1373526
Q723293
Q8298227
Q7214349
Q20078496
Q874433
Q20027090
Q20078149
Q27951183
Q29841208
Q48763294
Q66480230
Q11751
Q20078152
Q11139885
Q3552061
Q62060539
Q3552065
Q110072041
Q174291
Q19842111
Q5420908
Q57735587
Q583214
Q8508338
Q10466670
Q11691973
Q105757139
Q83440
Q102338531
Q34
Q110822527
Q110822543
Q110822549
Q110822555
Q1159172
Q180836
Q235820
Q4888992
Q4973707
Q6088106
Q6190674
Q68478134
Q203720
Q102080285
Q1020929
Q773717
Q105289766
Q11427808
Q11427810
Q27150865
Q62085048
Q6434244
Q850344
Q460674
Q9794
Q7506190
Q11222164
Q11240704
Q11243257
Q11616333
Q10145806
Q1207347
Q1683348
Q107989926
Q110254989
Q4606800
Q505493
Q490434
Q1133657
Q15945072
Q3696250
Q3832609
Q6416116
Q6983144
Q65
Q1454
Q1050078
Q6761994
Q1422594
Q182973
Q1430048
Q842909
Q1026846
Q230492
Q670897
Q540672
Q1872239
Q738258
Q213439
Q49116
Q5282914
Q4568893
Q429863
Q1475020
Q65379
Q2620177
Q1079140
Q1136919
Q511935
Q258943
Q31249
Q1521725
Q457281
Q1472347
Q957995
Q590643
Q270222
Q2094177
Q1024426
Q1474100
Q2000624
Q766145
Q861888
Q116485
Q666128
Q1150105
Q21578
Q217741
Q49244
Q5925
Q97482660
Q1747601
Q1552010
Q1817686
Q13572981
Q4614
Q617433
Q1423756
Q1806300
Q309331
Q1193547
Q174710
Q99
Q1070333
Q15143
Q15142
Q8883690
Q238101
Q2302336
Q1353679
Q219563
Q838330
Q1474105
Q1360303
Q15981151
Q177220
Q2405480
Q639669
Q76092
Q541573
Q213665
Q484449
Q39682
Q884
Q485698
Q491612
Q8684
Q429296
Q495383
Q1136331
Q1141081
Q11650
Q1640319
Q170611
Q216961
Q316930
Q627906
Q842324
Q21077
Q5164936
Q1196321
Q7827711
Q12482960
Q66486095
Q483938
Q25429937
Q233371
Q236355
Q240082
Q255363
Q55731474
Q496329
Q5363925
Q2572585
Q601235
Q877693
Q966564
Q785002
Q2482872
Q3709472
Q38
Q490
Q61780445
Q429264
Q1199011
Q7708723
Q6096
Q16739
Q11401
Q408
Q70880483
Q70878861
Q70879845
Q1524
Q7074843
Q62
Q470619
Q1399695
Q7894020
Q60028862
Q79861
Q255406
Q384181
Q22720127
Q190585
Q4639153
Q5249577
Q539524
Q943219
Q12278818
Q219
Q10152738
Q438503
Q965635
Q561238
Q522618
Q25095003
Q735019
Q17042
Q1045541
Q2283665
Q20048569
Q319585
Q47159
Q193023
Q6003306
Q23556
Q2816342
Q142
Q1372291
Q3506728
Q4734521
Q26245780
Q79860
Q258
Q7461577
Q387539
Q6899063
Q17007386
Q34932
Q18125
Q876171
Q18438
Q16552
Q753679
Q783243
Q6541005
Q6214133
Q868855
Q203059
Q213205
Q4774690
Q202440
Q16202376
Q8000753
Q18098194
Q42025
Q6010
Q574953
Q323463
Q18432
Q1345
Q6167957
Q477213
Q9200708
Q1181851
Q222836
Q2438494
Q949879
Q831698
Q20812544
Q303039
Q30634138
Q5513143
Q65049738
Q7728797
Q1253172
Q546206
Q8560269
Q96740854
Q1498689
Q233929
Q7750460
Q81398871
Q163569
Q4884070
Q54860
Q6544948
Q7987135
Q24633474
Q891885
Q107653039
Q107654158
Q316872
Q47160828
Q705532
Q17097428
Q17304734
Q2681538
Q6207365
Q7997610
Q7997612
Q108752579
Q22881581
Q53169
Q10080035
Q217191
Q11289634
Q1199045
Q17049021
Q1055198
Q1318527
Q848586
Q15076895
Q9418629
Q255403
Q7288305
Q186286
Q43691039
Q43691047
Q1132127
Q203775
Q207378
Q7658184
Q81180
Q91095577
Q107008
Q27642024
Q8420989
Q41819
Q35
Q23565
Q144622
Q3868787
Q924
Q1960
Q40
Q15434619
Q1538035
Q105756581
Q25319
Q107432
Q345446
Q241
Q1723694
Q6287631
Q7174198
Q86502
Q188031
Q838121
Q951548
Q1192305
Q8622838
Q106868994
Q106868423
Q23661
Q664
Q106787482
Q184485
Q7965127
Q16555
Q5245991
Q15042660
Q43280
Q3437753
Q17111572
Q84
Q708676
Q1868965
Q19186
Q1757
Q3514122
Q18658964
Q32373938
Q1794
Q183
Q55254258
Q3739066
Q649
Q14378
Q15180
Q159
Q42303155
Q3561842
Q692153
Q84561881
Q18325436
Q24639
Q16
Q11299
Q3018029
Q1344
Q41425
Q267329
Q2657718
Q502163
Q55520843
Q2047017
Q2047166
Q21940025
Q1741
Q1859746
Q86119158
Q1351990
Q1537514
Q15793800
Q2040191
Q78968
Q78979
Q104580819
Q8212061
Q35715
Q5112
Q6999758
Q4801482
Q1881411
Q3282616
Q12892
Q1296
Q34497911
Q510785
Q31
Q3168541
Q340
Q90
Q2352779
Q24026215
Q8853110
Q7742
Q2041543
Q3591583
Q187840
Q638423
Q13415955
Q3456812
Q3458202
Q7096590
Q9525420
Q109579764
Q2053705
Q2367056
Q2602942
Q3249117
Q3469891
Q3469927
Q44013815
Q55719739
Q609842
Q726531
Q7799925
Q94959595
Q5092
Q8652
Q5739755
Q172
Q17084016
Q3130
Q43668
Q23308
Q174193
Q61
Q1634951
Q2915772
Q3337
Q456
Q6106
Q16556
Q1250287
Q2302210
Q5060566
Q43196
Q1370345
Q170384
Q100188
Q218
Q1718
Q1618570
Q2026671
Q37836
Q1537
Q16558
Q179351
Q602358
Q67928449
Q15700818
Q55019
Q2922699
Q3048610
Q18524366
Q1025016
Q105626913
Q10690
Q107614633
Q12875346
Q12879740
Q12880875
Q12884658
Q16332863
Q16332920
Q17759528
Q22678088
Q28531017
Q60990654
Q705152
Q712762
Q88406669
Q21622408
Q105821255
Q294095
Q478518
Q41
Q103045654
Q104543362
Q106695288
Q17511186
Q100348697
Q101246914
Q107612897
Q12872235
Q16874283
Q21062600
Q5839150
Q6249043
Q158095
Q64
Q162049
Q86115076
Q109049
Q2058838
Q74985
Q13562133
Q5044324
Q74860769
Q281664
Q1297
Q2555342
Q5379757
Q6602
Q3208845
Q3354564
Q3527862
Q214394
Q783794
Q1726
Q980
Q707679
Q819447
Q19589524
Q63485080
Q8898038
Q12439
Q4564213
Q36091
Q16554
Q16563
Q39121
Q24568958
Q8701152
Q972488
Q1342
Q6481252
Q1400
Q38555
Q66907759
Q66908007
Q66908646
Q1351605
Q491540
Q16016574
Q5083
Q3044487
Q8818
Q156548
Q29
Q239935
Q168482
Q3365637
Q49001803
Q49231
Q47265
Q1861
Q869
Q466850
Q30727814
Q2430650
Q1643111
Q46486903
Q47419907
Q61557606
Q66124060
Q3447878
Q32416346
Q852767
Q20315506
Q1984458
Q201607
Q599341
Q206159
Q7583727
Q1699618
Q1900310
Q28348
Q3017926
Q3028409
Q3098546
Q5605533
Q6197093
Q8616282
Q9551425
Q24383
Q3071
Q7820695
Q56036
Q9141667
Q320592
Q49451
Q743934
Q1472769
Q2290010
Q560841
Q6980338
Q2871
Q1361220
Q2160737
Q2298362
Q183504
Q2386070
Q4352944
Q7340080
Q40435
Q5437347
Q16957
Q319651
Q16659117
Q11366
Q835891
Q317441
Q726251
Q7186462
Q2344087
Q466302
Q6174084
Q6270707
Q6755494
Q6847034
Q13285913
Q31058
Q8761584
Q1453643
Q6738535
Q17985761
Q5188020
Q354496
Q357211
Q370560
Q633
Q8430199
Q9435907
Q188534
Q241662
Q483352
Q6866656
Q18628
Q693194
Q1523866
Q201459
Q307391
Q6968697
Q713626
Q713854
Q25898751
Q217467
Q236913
Q713750
Q168015
Q223768
Q826185
Q20372993
Q1051550
Q20351212
Q21
Q15873
Q15880
Q190231
Q441600
Q65627210
Q20378
Q38848
Q4490718
Q83270
Q756320
Q20090309
Q28227620
Q28227653
Q3810024
Q3901343
Q517415
Q7372432
Q8085054
Q111363141
Q183412
Q1857864
Q184841
Q312801
Q26521
Q8683816
Q1046768
Q1641839
Q2332751
Q6359621
Q51960
Q690238
Q727249
Q8678
Q32594443
Q484344
Q225842
Q445297
Q1470264
Q380304
Q3843381
Q964658
Q2411961
Q42775
Q52954
Q105527
Q719927
Q1860
Q10524110
Q363707
Q13218788
Q1347984
Q1470329
Q1546001
Q1611073
Q1636558
Q1813833
Q3844913
Q56760250
Q62266131
Q627091
Q64485314
Q679007
Q7299616
Q7502767
Q3709426
Q319751
Q343075
Q348277
Q7855750
Q213322
Q2213391
Q8947338
Q98383320
Q1741329
Q2517349
Q346801
Q3952851
Q428798
Q4450151
Q6446629
Q330629
Q6347541
Q414
Q1175145
Q2032844
Q2734092
Q467940
Q1486
Q585643
Q122232
Q1348821
Q1585887
Q1676617
Q26099
Q314397
Q355669
Q434367
Q69975967
Q7311771
Q933013
Q6687966
Q1864938
Q5371908
Q944494
Q9535664
Q25976409
Q1124153
Q16207192
Q782575
Q3753789
Q873384
Q202930
Q10585408
Q179191
Q677274
Q2349517
Q1335067
Q175857
Q2266567
Q2523966
Q301874
Q3050150
Q337521
Q389242
Q516251
Q5545232
Q693199
Q7344378
Q943448
Q6368743
Q6368070
Q3437460
Q105609497
Q235440
Q256856
Q68478301
Q186472
Q5816546
Q6782115
Q7299829
Q742007
Q347822
Q2187392
Q578943
Q438885
Q21252146
Q18356823
Q221468
Q16043395
Q377453
Q1181074
Q269379
Q272031
Q555380
Q23197
Q24068500
Q1570467
Q3853448
Q1154246
Q6794165
Q251865
Q347986
Q374962
Q39672
Q540283
Q73437
Q20334212
Q213710
Q57662192
Q117012
Q1203
Q188740
Q24241964
Q818134
Q838261
Q660794
Q487965
Q6061215
Q1110294
Q1182699
Q630195
Q193355
Q216364
Q192474
Q1936441
Q361167
Q6721279
Q1465200
Q158867
Q2355637
Q2592278
Q2706536
Q3316841
Q366614
Q450285
Q526545
Q62033429
Q7166675
Q55949729
Q1754
Q1394654
Q322915
Q3630966
Q993066
Q84039337
Q1086685
Q2032805
Q316878
Q517818
Q765813
Q56724119
Q165745
Q6347582
Q6384132
Q132438
Q8000759
Q10926
Q11363
Q377910
Q598929
Q212699
Q2338889
Q960732
Q3336503
Q1123745
Q2447910
Q17370467
Q355553
Q55965015
Q2874254
Q42782
Q17409740
Q22884531
Q1126281
Q111226256
Q36
Q9433745
Q6845601
Q9778
Q211573
Q2296495
Q355175
Q109316412
Q349101
Q660106
Q712592
Q713286
Q946528
Q164444
Q16985322
Q20367549
Q5508668
Q2904765
Q2546748
Q824424
Q2066
Q10922
Q202585
Q6927
Q1065624
Q11439864
Q11529560
Q11560787
Q11648797
Q38283
Q11255454
Q11268277
Q1757254
Q2608177
Q3294009
Q155152
Q16930652
Q6674916
Q188450
Q451842
Q1946757
Q45
Q9561740
Q837837
Q7581915
Q16003605
Q253918
Q702340
Q1076092
Q641357
Q6448140
Q16325659
Q2001931
Q5577971
Q13534267
Q2642380
Q3168057
Q62671251
Q134674
Q32426964
Q822914
Q7600903
Q1151663
Q5354425
Q17192908
Q2476302
Q1365614
Q10314670
Q11618373
Q1320080
Q3276668
Q3543472
Q9668050
Q9481694
Q148
Q1191537
Q240
Q16209913
Q408744
Q183862
Q41343
Q720959
Q657558
Q1433387
Q186170
Q1848896
Q2718029
Q7538686
Q1695752
Q9835624
Q4916034
Q7238379
Q158886
Q262530
Q4027098
Q15637855
Q79848
Q193207
Q209137
Q213121
Q325504
Q592330
Q5504062
Q102932
Q703778
Q1853623
Q2906225
Q385558
Q438628
Q4818941
Q6496594
Q7646074
Q5003060
Q5559079
Q6174708
Q6411339
Q7151989
Q13249388
Q975
Q8330822
Q44564
Q2930015
Q3075035
Q3565108
Q16637104
Q3129959
Q3190048
Q3219305
Q3295071
Q3298116
Q52686942
Q14397356
Q9425441
Q55243048
Q213609
Q18857035
Q64848277
Q6732102
Q9989240
Q1065651
Q1441676
Q1527196
Q17145363
Q18346192
Q19858055
Q24905115
Q3841620
Q615682
Q6683133
Q747902
Q7564362
Q847054
Q849435
Q915665
Q917698
Q11108189
Q231694
Q277626
Q42291466
Q1346695
Q167696
Q202662
Q229697
Q230990
Q233291
Q7336987
Q6496329
Q18467643
Q32537804
Q9562139
Q1025106
Q2050200
Q4413456
Q24897428
Q19956991
Q582121
Q235858
Q3146765
Q5399565
Q7969695
Q5262449
Q2994332
Q485395
Q56826329
Q770103
Q6347060
Q5665204
Q5666674
Q5806240
Q7396275
Q7429441
Q9714684
Q1123947
Q717
Q9632929
Q1317816
Q1929352
Q438476
Q398879
Q4047764
Q26837385
Q18575
Q4835470
Q621549
Q5069525
Q7005181
Q2308444
Q702361
Q32524208
Q936573
Q16911512
Q263702
Q615064
Q16846039
Q17145597
Q528124
Q7933110
Q3709587
Q267764
Q3303388
Q13296813
Q6452410
Q16565
Q1074403
Q465978
Q55
Q1093
Q4995555
Q1473770
Q7651680
Q838544
Q43343
Q484179
Q854451
Q3139540
Q104285
Q3001888
Q4998560
Q252
Q2682013
Q103738
Q178145
Q20319797
Q1548644
Q2413622
Q317774
Q2094679
Q2415
Q1299260
Q1464351
Q1921640
Q238095
Q4754512
Q4093
Q189201
Q187760
Q1980456
Q20502
Q16113269
Q504434
Q85871197
Q6967041
Q4679484
Q1190565
Q6857057
Q6565639
Q2034661
Q2265719
Q101142789
Q5236790
Q55957512
Q753830
Q384206
Q29303
Q817138
Q1542169
Q208909
Q2891955
Q25
Q2135
Q18655432
Q361573
Q5229032
Q529075
Q34370
Q2576206
Q3933535
Q7932936
Q1673096
Q1164252
Q617240
Q17141499
Q6314052
Q6314085
Q10294040
Q2905412
Q5283052
Q5582561
Q5031398
Q16203329
Q11365
Q379671
Q25843695
Q4049484
Q729590
Q1740209
Q8341694
Q3360459
Q1759189
Q213714
Q5593755
Q753520
Q6314065
Q2297042
Q4835417
Q5684844
Q776930
Q10147304
Q129059
Q7912030
Q7922808
Q3036090
Q935702
Q9838764
Q185151
Q366758
Q552061
Q28
Q60999590
Q16247376
Q890887
Q347867
Q136549
Q790686
Q106595884
Q6221
Q758878
Q959583
Q3487124
Q8343399
Q9432273
Q2090
Q1115142
Q728839
Q773939
Q1035277
Q13019950
Q1621467
Q5748800
Q26775112
Q29999
Q47962460
Q48250005
Q96996555
Q9795
Q9588895
Q263734
Q6496381
Q5741069
Q8262858
Q97389730
Q602561
Q108410706
Q861420
Q383982
Q7754652
Q108565041
Q5109682
Q6271397
Q6379373
Q6767032
Q7804306
Q8007455
Q2321706
Q5261344
Q10346517
Q16940298
Q2085377
Q5335592
Q6834697
Q7311619
Q1339121
Q1379958
Q9292288
Q6347217
Q10154901
Q941594
Q9418580
Q11628609
Q71678854
Q71678856
Q123258
Q61007598
Q6823417
Q7542915
Q1408
Q22823794
Q60988578
Q11380473
Q11289339
Q11305552
Q11310705
Q3550850
Q24857727
Q11296068
Q11328395
Q11599545
Q9460407
Q5153134
Q3543457
Q56811097
Q1397901
Q11885
Q10296131
Q2002177
Q1046801
Q1347250
Q885561
Q1542119
Q1196752
Q45981
Q1426142
Q557632
Q54149
Q2385949
Q106629220
Q65624740
Q5664495
Q5855237
Q5948580
Q36307
Q1072828
Q11671198
Q2601021
Q321932
Q7192462
Q18742263
Q694052
Q49258
Q6448477
Q11728142
Q6110311
Q3629023
Q4762068
Q852900
Q10348968
Q930262
Q10466674
Q106259202
Q2211
Q221772
Q58339
Q4542508
Q5593823
Q6496323
Q6496373
Q6496382
Q6496408
Q6694973
Q6957268
Q2280497
Q475221
Q20333071
Q10466672
Q1164847
Q105974205
Q4956043
Q823785
Q213149
Q116184
Q1536095
Q3588743
Q213608
Q2407862
Q972424
Q5593798
Q5593894
Q1849138
Q15304953
Q7320514
Q49229
Q1162954
Q325397
Q3437841
Q851213
Q1527242
Q1542129
Q3841600
Q22793403
Q105751
Q1200368
Q3771894
Q4034425
Q48834779
Q3525391
Q64176251
Q64176254
Q6501055
Q621
Q356111
Q1473565
Q6456938
Q7751417
Q16821073
Q985304
Q1806034
Q784310
Q38135
Q38430
Q21091
Q5253945
Q1396025
Q8443394
Q3639792
Q25060485
Q1082801
Q30846289
Q6314042
Q6314079
Q6314083
Q6314087
Q6314096
Q6314103
Q6314109
Q9016680
Q7110730
Q16933822
Q1205595
Q4721826
Q11382431
Q11441969
Q11505274
Q1739452
Q356739
Q356747
Q418729
Q7051213
Q730082
Q30646129
Q551492
Q138020
Q1455292
Q170435
Q4045538
Q663519
Q616975
Q64736693
Q64736704
Q486415
Q535223
Q6046205
Q2146790
Q866
Q622
Q2154708
Q108800412
Q66812817
Q12399046
Q10296
Q606089
Q613408
Q1330417
Q843402
Q9417693
Q211418
Q546264
Q22882341
Q7765818
Q2256
Q4744486
Q5593769
Q5593803
Q5593859
Q4875759
Q7317586
Q5049947
Q6767885
Q490595
Q9593428
Q189045
Q3841596
Q12269839
Q345928
Q2996526
Q7731485
Q3709496
Q2706947
Q8445651
Q101254
Q9687539
Q5701101
Q610144
Q18998360
Q16668609
Q4162208
Q1050947
Q273959
Q9655007
Q1936659
Q1536003
Q3029968
Q1135689
Q2311200
Q2395364
Q11113143
Q16997189
Q18999125
Q6216391
Q11899474
Q6393960
Q20920252
Q20920248
Q16744615
Q1093992
Q11384343
Q11501178
Q11656068
Q2828945
Q3314708
Q7336256
Q18716749
Q3231749
Q881469
Q15513325
Q291300
Q2723301
Q942820
Q16549975
Q639182
Q924668
Q290356
Q51118
Q18013
Q14334485
Q215048
Q16995752
Q240804
Q295794
Q2345831
Q118066
Q192668
Q2268818
Q23418635
Q2996499
Q3129816
Q383784
Q809003
Q8678962
Q3141
Q6284964
Q7602392
Q208143
Q21951947
Q505245
Q62105599
Q5054909
Q131272
Q268253
Q1259330
Q1367988
Q1542163
Q1542172
Q17011874
Q3113378
Q3113381
Q4809486
Q580509
Q2311775
Q2723471
Q654283
Q947109
Q7761509
Q263024
Q6743570
Q880598
Q8849510
Q1622261
Q41211
Q188539
Q18342982
Q1123266
Q7625596
Q32530129
Q6581097
Q16559
Q5107747
Q43199
Q3709599
Q4895204
Q8356
Q504635
Q30612243
Q27
Q1537056
Q3622704
Q65623931
Q4439915
Q6016150
Q103879334
Q10684689
Q19792318
Q5953985
Q5966278
Q6000129
Q68017371
Q26152
Q1351481
Q822167
Q144904
Q1687890
Q967761
Q1472381
Q5286317
Q8848648
Q15982450
Q3295017
Q3310807
Q366775
Q366777
Q381777
Q8642284
Q18857298
Q16221160
Q1748
Q2673500
Q9482456
Q38465
Q888612
Q6868124
Q10550214
Q19595094
Q3665673
Q2634
Q682784
Q105758363
Q543729
Q7730647
Q2309306
Q2734789
Q4347045
Q4942199
Q8847517
Q3679008
Q3809835
Q2683
Q5110298
Q4357206
Q7533013
Q2746861
Q574612
Q10951619
Q1097131
Q1971223
Q2273516
Q4354845
Q60852420
Q847018
Q7112156
Q1343066
Q1352765
Q1384898
Q2015559
Q2153802
Q2394507
Q2634305
Q456076
Q6107
Q2461933
Q181861
Q3703470
Q25399849
Q3697454
Q5968
Q2090994
Q2573393
Q926632
Q644144
Q766
Q37943957
Q5078503
Q17370332
Q9061822
Q66717800
Q8598
Q34020
Q2529400
Q22886706
Q798658
Q5219884
Q454428
Q9632509
Q546359
Q109254017
Q5545302
Q4883239
Q7731019
Q1103721
Q1702362
Q2174563
Q3435145
Q356140
Q6200636
Q6688001
Q69684848
Q888558
Q8847549
Q8847547
Q6496340
Q4975181
Q8851
Q1982973
Q16985318
Q1810123
Q3020993
Q110907693
Q8409719
Q2411239
Q26793
Q11728013
Q17049452
Q9420377
Q70664771
Q5300517
Q773325
Q5767966
Q11326180
Q11288228
Q11406932
Q11429219
Q11581716
Q29332
Q7094210
Q7201219
Q9416164
Q107139327
Q255161
Q1018157
Q7335441
Q23154
Q373342
Q151250
Q224694
Q421894
Q2145745
Q18543506
Q18543508
Q49256
Q7497401
Q2549322
Q2885764
Q2923441
Q3056206
Q3162856
Q3339783
Q429735
Q16568
Q110707151
Q1123044
Q20814242
Q2298370
Q3064562
Q455298
Q50365606
Q9821974
Q2545135
Q18151073
Q3047114
Q3176961
Q46046
Q5327246
Q5181243
Q227073
Q2016567
Q266645
Q27184
Q18467749
Q931450
Q8493607
Q16241990
Q431415
Q5593863
Q1060070
Q4779433
Q5068913
Q105763833
Q10656424
Q211638
Q837389
Q1335973
Q311439
Q192465
Q10169039
Q1140449
Q271022
Q9086078
Q747717
Q783097
Q372123
Q821010
Q165711
Q7858059
Q7760203
Q1386311
Q8849429
Q9584772
Q4259775
Q20474
Q898709
Q1570899
Q16953936
Q16998636
Q61901907
Q105763535
Q954572
Q6256364
Q110576945
Q110822506
Q110822510
Q18246238
Q5767482
Q6248350
Q2271234
Q3930216
Q54365
Q667659
Q7308175
Q828305
Q856872
Q50133002
Q10363070
Q105710046
Q81882
Q9598399
Q2297757
Q6190172
Q188994
Q4048005
Q5087083
Q8357052
Q1406986
Q6510447
Q9598486
Q910606
Q3325440
Q42317718
Q42317823
Q42317913
Q751380
Q25287
Q216891
Q896189
Q110531938
Q8391167
Q20183809
Q1089050
Q723418
Q768134
Q739
Q1492
Q189
Q6187988
Q11315208
Q17003143
Q2423554
Q2829034
Q3200376
Q160734
Q492096
Q6496351
Q3700396
Q3790169
Q3825053
Q706013
Q6347235
Q298
Q2887
Q9201412
Q1016801
Q25732
Q10667128
Q9413454
Q13634249
Q91098106
Q91098711
Q15974722
Q2662148
Q57670699
Q12191
Q23199298
Q2822142
Q2844940
Q2851736
Q2894783
Q2932999
Q3032543
Q3208429
Q3213475
Q3226158
Q3227998
Q3293272
Q3399526
Q3453181
Q3503272
Q3538642
Q3552139
Q30080377
Q21261666
Q2654878
Q6761067
Q15104051
Q7582276
Q5094316
Q7172110
Q2666920
Q9433131
Q1643549
Q1899347
Q5450194
Q34218
Q814344
Q2295655
Q489913
Q51077829
Q10724326
Q105974020
Q939389
Q12307337
Q12319729
Q24034250
Q178856
Q7524526
Q1142456
Q15935
Q14847913
Q1046066
Q11188596
Q30636398
Q1059471
Q18637833
Q19666438
Q24852249
Q17498315
Q106676159
Q1924160
Q223
Q1046838
Q1273666
Q1399294
Q675208
Q5099284
Q3289074
Q55957615
Q37320
Q9598975
Q483740
Q417882
Q6055112
Q43
Q1271123
Q12809832
Q43303408
Q5058862
Q55929914
Q6005604
Q6023593
Q6584934
Q7686249
Q981776
Q32686014
Q1795903
Q2591465
Q407470
Q795417
Q896767
Q365
Q8884560
Q597240
Q104180347
Q104180679
Q104180724
Q6242293
Q921204
Q2469070
Q6158987
Q27657872
Q110331470
Q11195981
Q11242177
Q11242181
Q22816908
Q11190583
Q11251921
Q18383063
Q335427
Q430070
Q120544
Q96076993
Q3302016
Q90950765
Q11464173
Q11542521
Q11553697
Q11671050
Q874038
Q915152
Q646026
Q6347062
Q6162091
Q1238400
Q9679
Q287771
Q605388
Q778673
Q36312
Q55617549
Q20747573
Q20370879
Q7939685
Q108422921
Q27916572
Q70717929
Q95816830
Q474027
Q1479403
Q9439661
Q825769
Q1239845
Q1384
Q451329
Q1143936
Q1074851
Q10937919
Q11049017
Q11637323
Q852178
Q384720
Q4428744
Q850608
Q8210443
Q5207297
Q61007871
Q85747356
Q8301319
Q3183
Q12588546
Q380123
Q727803
Q1476147
Q1058252
Q111461307
Q1291017
Q1852923
Q280077
Q312693
Q3644464
Q711122
Q778289
Q11880480
Q5640221
Q56794935
Q1435509
Q448723
Q5508167
Q7604137
Q16987213
Q644917
Q8365050
Q11862547
Q241965
Q595607
Q62071063
Q11822101
Q11855655
Q1102391
Q844580
Q11476182
Q257605
Q49462460
Q78451878
Q16192849
Q3176451
Q7150611
Q98065370
Q65145612
Q16216816
Q973150
Q4828438
Q865
Q111364153
Q111364331
Q926427
Q617
Q17103790
Q16366193
Q83492893
Q83492900
Q83492910
Q17500441
Q4929219
Q17300115
Q151304
Q251192
Q1358555
Q71156419
Q3110013
Q7846500
Q110887196
Q16730334
Q20685212
Q3126833
Q775883
Q1673922
Q6799787
Q968730
Q4797479
Q5307960
Q244146
Q1861572
Q585
Q21809851
Q1306283
Q18395343
Q4839198
Q6494370
Q24191536
Q4042925
Q6822653
Q11884580
Q6305479
Q65513752
Q370515
Q11683384
Q106930360
Q1132152
Q2566507
Q3506412
Q8390324
Q37479
Q309926
Q170377
Q659599
Q4788909
Q5552350
Q18419
Q579559
Q442984
Q8837211
Q17370928
Q3976712
Q10579106
Q3107906
Q52140
Q110421613
Q963412
Q737636
Q9599952
Q573484
Q568367
Q3230268
Q5338717
Q5585802
Q700115
Q10853175
Q1345739
Q4717510
Q232
Q5273156
Q22889
Q1378776
Q2420109
Q2039363
Q1327994
Q16986918
Q7408799
Q101078242
Q735628
Q2333358
Q700359
Q105954963
Q17403024
Q18391093
Q3388022
Q47887
Q1425832
Q1182064
Q4854351
Q3396886
Q52157678
Q428829
Q1660305
Q63164484
Q6106824
Q747585
Q576624
Q3841619
Q21620822
Q1781
Q6680907
Q409810
Q16155838
Q574339
Q459071
Q8255337
Q7779825
Q964438
Q1765332
Q9447977
Q22885985
Q451429
Q106603295
Q64596595
Q108597878
Q934737
Q1188720
Q602602
Q797236
Q815776
Q526237
Q770687
Q42448
Q22885988
Q613837
Q9247773
Q270
Q5045602
Q19660
Q208523
Q42753761
Q1992419
Q2225445
Q2238829
Q9002262
Q17213125
Q200589
Q1626081
Q264137
Q50388306
Q50388421
Q20361111
Q16590696
Q3311844
Q3376401
Q20052855
Q10299151
Q519359
Q36433
Q911296
Q9610472
Q210578
Q3328660
Q1500364
Q9336723
Q88943
Q208243
Q801
Q3702299
Q7642203
Q3489789
Q5068751
Q5398030
Q684875
Q5141465
Q117761
Q1345782
Q1409902
Q5220469
Q5307230
Q648341
Q7107456
Q8386464
Q1403744
Q3746620
Q17003562
Q1102269
Q39633547
Q6788980
Q7407868
Q7434401
Q1508912
Q9610815
Q16250593
Q28225071
Q3298124
Q8386790
Q8386783
Q3038347
Q8353737
Q6778266
Q2864887
Q2437256
Q6263638
Q478062
Q1699530
Q3998977
Q7026
Q20376334
Q996818
Q55245909
Q85789687
Q7997491
Q7643584
Q514985
Q221495
Q1577376
Q16842305
Q3116209
Q604923
Q106398663
Q224
Q1292213
Q3514865
Q58708462
Q840065
Q7564364
Q7564366
Q820046
Q216337
Q1402435
Q29914968
Q34863
Q13367
Q2471276
Q483906
Q1062400
Q15136777
Q726153
Q22886072
Q11818010
Q9443355
Q5373902
Q1051575
Q11214801
Q23136923
Q1987288
Q595311
Q6305137
Q81072358
Q89189600
Q99510373
Q28911
Q9205523
Q274401
Q788542
Q743535
Q5297274
Q862645
Q873677
Q460325
Q6831379
Q236
Q6428659
Q7033148
Q485172
Q85626375
Q3799666
Q28355342
Q1017848
Q1691407
Q745896
Q49273
Q105082696
Q16268472
Q16538346
Q16560382
Q110821904
Q36704
Q1259813
Q1561367
Q1561515
Q1562378
Q898566
Q1435
Q53060327
Q6988668
Q790
Q34261
Q727
Q909310
Q5757909
Q20375705
Q5575894
Q182591
Q9414210
Q25331
Q10121389
Q3275481
Q99318477
Q6813715
Q8050025
Q34229587
Q34229703
Q11547039
Q131277
Q11523076
Q249719
Q2060790
Q32460765
Q56816954
Q105828606
Q3444460
Q55246043
Q820984
Q7068342
Q7643408
Q3065706
Q1997905
Q8825888
Q211781
Q38656
Q1542151
Q10796149
Q7978213
Q44767
Q8151548
Q9608109
Q2277509
Q7103988
Q5157126
Q531913
Q9614831
Q38278543
Q21170924
Q46167337
Q81783394
Q81783396
Q81783398
Q246371
Q40749179
Q3029851
Q1411001
Q2910976
Q3028106
Q3035362
Q3085335
Q3085854
Q3287989
Q3351087
Q5615226
Q947161
Q32005833
Q264980
Q100
Q6044300
Q3241768
Q16955482
Q3882408
Q7323763
Q285323
Q8505305
Q9425143
Q575017
Q51685552
Q484678
Q1166158
Q2090023
Q7731005
Q240377
Q2925035
Q8847543
Q43648637
Q7899214
Q37100
Q9853354
Q11286857
Q128186
Q2591873
Q306122
Q1136750
Q164234
Q41262
Q127513
Q90025550
Q92393173
Q115570
Q1750746
Q1346568
Q2669433
Q489255
Q96336714
Q1128879
Q6347085
Q6125461
Q6211597
Q108510344
Q108510634
Q28691516
Q105758568
Q2453291
Q16998172
Q320726
Q5210460
Q712678
Q7172186
Q15278196
Q23129
Q2093845
Q2481971
Q4730220
Q9507172
Q190828
Q9743410
Q437
Q10154897
Q7457710
Q1022
Q8361
Q1339
Q1094430
Q11319210
Q11360521
Q11367449
Q11594464
Q11594953
Q15075796
Q5760421
Q930143
Q55965659
Q6821944
Q703603
Q39
Q64087
Q1425661
Q7735174
Q4489820
Q108369224
Q373246
Q304885
Q180268
Q5073042
Q7742874
Q595693
Q5189176
Q1955143
Q2142982
Q2654746
Q2708494
Q2747098
Q550436
Q6881218
Q8430664
Q8430661
Q7797510
Q8002923
Q504114
Q24826
Q7705350
Q186292
Q215359
Q297816
Q345517
Q40912
Q6306906
Q4833713
Q3827483
Q1406436
Q81033
Q61025035
Q7132595
Q257533
Q228251
Q2665428
Q48868725
Q9407084
Q108561230
Q2604329
Q2836798
Q16217287
Q20319970
Q123766
Q10158
Q191
Q983924
Q37
Q9016788
Q216
Q6314046
Q904528
Q14448999
Q7432165
Q6327600
Q9002169
Q8569584
Q8569582
Q7502207
Q1426154
Q318755
Q30205987
Q184
Q2678
Q3017114
Q9458240
Q7447658
Q1130989
Q714317
Q60805899
Q10207780
Q1704724
Q11445604
Q15524982
Q50641409
Q18714904
Q6160445
Q5834708
Q3709479
Q978555
Q2807
Q13317680
Q456623
Q837109
Q2464314
Q19903422
Q10307615
Q16337183
Q9546581
Q490923
Q276769
Q538513
Q2117397
Q7762852
Q5484998
Q6040654
Q6248193
Q724457
Q7436989
Q7576094
Q7822636
Q23210579
Q375229
Q23099
Q6804248
Q327126
Q8614875
Q7463251
Q6799117
Q269299
Q4590620
Q47164
Q20338986
Q292128
Q25044646
Q1083714
Q11256774
Q1343268
Q2343192
Q24955663
Q26215778
Q56706769
Q5716189
Q972104
Q65625364
Q9682365
Q2760249
Q3637908
Q3750970
Q463067
Q4859282
Q7167013
Q1751651
Q862342
Q1439
Q6212679
Q5242196
Q23436
Q11212958
Q159288
Q140075
Q906647
Q1588
Q1335575
Q5338419
Q2549052
Q5593905
Q847813
Q2742304
Q9852284
Q585626
Q2743435
Q5280433
Q3709453
Q8754861
Q109480520
Q258003
Q3298960
Q8754845
Q3568013
Q83065
Q7858536
Q373057
Q979432
Q2328030
Q20374984
Q1397914
Q6349262
Q6813184
Q25729065
Q63169558
Q3088816
Q435965
Q200805
Q85777427
Q101149183
Q6371529
Q55957790
Q41087
Q9626009
Q1142098
Q1142119
Q1142423
Q1142789
Q1195911
Q1333073
Q1370777
Q1370816
Q1370953
Q19285094
Q8026756
Q1641565
Q3435254
Q4977553
Q5593023
Q15097050
Q9691010
Q10152
Q185298
Q229275
Q211
Q1773
Q1087483
Q10741223
Q5428492
Q708236
Q24641730
Q4010185
Q3338703
Q869985
Q9422208
Q10157
Q185676
Q5219250
Q597
Q5707538
Q5177295
Q1435522
Q5177296
Q18016100
Q4908896
Q5085664
Q5303760
Q5335801
Q6230278
Q7815993
Q8847308
Q8847302
Q105697907
Q641066
Q1542205
Q1659596
Q19858107
Q2976730
Q4744491
Q667066
Q7564357
Q7564367
Q821479
Q7564373
Q2183149
Q5375045
Q2746776
Q2747775
Q2972743
Q8412944
Q10110287
Q11308592
Q17192477
Q11649225
Q3514198
Q5349194
Q705221
Q214051
Q56679132
Q6632646
Q7852567
Q8848817
Q2327062
Q3559755
Q7364022
Q7304788
Q990168
Q7538616
Q6500287
Q23080
Q63032659
Q5179156
Q5671688
Q1973
Q50074604
Q107599025
Q6388035
Q713859
Q11519169
Q3514210
Q719205
Q9428097
Q20351662
Q91103408
Q16934930
Q99360359
Q185582
Q2517263
Q55246413
Q1958630
Q1864685
Q7803798
Q1341013
Q25415
Q2358400
Q6951359
Q292993
Q1715
Q3736804
Q2905218
Q3181446
Q3376773
Q9416459
Q3811177
Q5955069
Q1151259
Q3879286
Q6347499
Q6306326
Q7397064
Q18997418
Q51794339
Q12301984
Q1893944
Q42915424
Q47048
Q55246426
Q5281070
Q434242
Q7741944
Q5187011
Q328904
Q73421783
Q55957851
Q217597
Q145540
Q108937110
Q108937120
Q1096120
Q3362499
Q3405815
Q857933
Q1250403
Q304971
Q7268757
Q7639629
Q7738447
Q12024743
Q8848031
Q9584634
Q2084353
Q208494
Q21387401
Q1144968
Q15844893
Q22888656
Q4038030
Q30891982
Q1877077
Q8412856
Q3709480
Q1173155
Q1933525
Q2067378
Q2101215
Q80808
Q30822870
Q503375
Q2437143
Q28400865
Q16993661
Q338338
Q6650377
Q9462611
Q641134
Q1262697
Q162782
Q1275017
Q2995085
Q4035084
Q18718991
Q1761
Q32773813
Q5172657
Q185162
Q736
Q6647365
Q664167
Q2669787
Q9627999
Q225
Q2626519
Q2166672
Q5223742
Q11194
Q53059229
Q2869540
Q30974
Q5254811
Q7776926
Q10376127
Q11774380
Q12051197
Q3942885
Q47542125
Q8850638
Q9584890
Q2033512
Q1361419
Q6755607
Q7743615
Q3041989
Q6306974
Q5285953
Q1342799
Q1928973
Q9417911
Q3178849
Q2847764
Q1207368
Q25579
Q14448224
Q18857181
Q640503
Q104400
Q9139358
Q2624785
Q111036022
Q1068795
Q1862092
Q4245984
Q32763773
Q7989683
Q445417
Q13221666
Q55609269
Q7578147
Q16216579
Q2836635
Q3193978
Q327117
Q6271209
Q7329821
Q8002739
Q623765
Q4993281
Q3198022
Q49241
Q2104067
Q831354
Q106440654
Q1985586
Q5605398
Q6851397
Q8220229
Q3280725
Q8316637
Q1884689
Q2234782
Q22891763
Q57005414
Q20529010
Q1770
Q980476
Q1758109
Q5195320
Q9087686
Q8436204
Q56057483
Q533137
Q748559
Q9644194
Q1199794
Q1808682
Q10530839
Q5430705
Q1655586
Q1969307
Q236638
Q291592
Q539955
Q725884
Q8442813
Q371317
Q7997320
Q9154958
Q3298882
Q7812637
Q327022
Q1063242
Q4778116
Q7821269
Q2733913
Q8436270
Q9436018
Q1472333
Q14407431
Q5178974
Q6144306
Q7311105
Q2026737
Q8647267
Q4027216
Q1478466
Q5229375
Q433540
Q547826
Q4876789
Q705841
Q9512246
Q9453381
Q17285147
Q20038848
Q20042573
Q432750
Q7034438
Q7931001
Q7931021
Q69748153
Q186237
Q47487189
Q317742
Q216638
Q14440445
Q2700929
Q312336
Q360485
Q488702
Q15957030
Q34404
Q5300143
Q42201
Q846119
Q796316
Q6825473
Q6321902
Q71157947
Q128306
Q7738231
Q5180976
Q135637
Q5306793
Q12621477
Q16304103
Q556308
Q1688866
Q2656
Q9417782
Q17138168
Q8033360
Q25751172
Q6819862
Q12306806
Q15972800
Q7643360
Q447299
Q7643362
Q11317456
Q11430621
Q461020
Q4696519
Q5360248
Q6751886
Q7150368
Q170263
Q2273733
Q9537981
Q9609463
Q10153
Q270970
Q7923135
Q921703
Q22820966
Q14440307
Q1026612
Q25660
Q645889
Q10129367
Q4835475
Q917008
Q1815770
Q7864620
Q528323
Q45400
Q9147978
Q17350382
Q208863
Q10039874
Q17149939
Q19647512
Q20870757
Q45838377
Q4741230
Q4762127
Q18623761
Q18623748
Q6346
Q4162227
Q2343406
Q55824454
Q24848642
Q3900842
Q463581
Q20361728
Q1495513
Q16999184
Q29915259
Q8232526
Q3841613
Q328015
Q9632291
Q1936386
Q6347493
Q5924529
Q841199
Q904890
Q696694
Q9523786
Q8210438
Q1141558
Q1205577
Q9493794
Q11295215
Q22825076
Q11378243
Q11329049
Q11332198
Q11417148
Q11550885
Q3547909
Q18727574
Q11242159
Q11348053
Q11431748
Q11515851
Q10167421
Q1156941
Q6541013
Q62470527
Q5526214
Q7369388
Q7369713
Q970409
Q107135
Q6130346
Q20366149
Q16557
Q848609
Q23482
Q55246738
Q12363841
Q12368348
Q16404584
Q18066931
Q1164848
Q23337
Q2924957
Q1997568
Q27190
Q1618038
Q285312
Q446627
Q4912545
Q649493
Q922227
Q23917158
Q23917126
Q11897318
Q7102572
Q7765486
Q2599500
Q25411
Q9417733
Q453074
Q954079
Q8818908
Q679126
Q20372644
Q56598769
Q1190485
Q5593784
Q5593902
Q2511544
Q287177
Q3439752
Q43327
Q7201159
Q7757606
Q16734597
Q2745995
Q3155682
Q3453634
Q435247
Q443721
Q25012763
Q125121
Q9139377
Q2265866
Q1630571
Q1825900
Q239916
Q2621900
Q2637109
Q5689576
Q10741716
Q2630076
Q2792712
Q5227548
Q7304384
Q104739661
Q1108375
Q1895317
Q1997514
Q2398570
Q2964894
Q8850633
Q6226
Q9584879
Q5980789
Q612260
Q20362433
Q2742
Q419
Q28518608
Q108752096
Q7609617
Q16994975
Q451028
Q2902300
Q21872577
Q7080121
Q17770440
Q20374218
Q281643
Q63967009
Q798782
Q6347101
Q351187
Q9483212
Q208239
Q3362922
Q5422862
Q2003258
Q5220758
Q7507583
Q756956
Q1542160
Q1542186
Q915228
Q919095
Q953746
Q11024219
Q2085119
Q3042946
Q656752
Q935995
Q282722
Q520346
Q8680103
Q125603
Q371535
Q425772
Q7457295
Q414524
Q3029934
Q2868461
Q8560189
Q10250482
Q26247069
Q1145552
Q3030080
Q1077082
Q538163
Q740036
Q128147
Q498906
Q28407985
Q13561738
Q4934918
Q5096420
Q5351107
Q6132456
Q6767308
Q7292157
Q30845869
Q10155
Q40831
Q2116093
Q929731
Q284543
Q3922861
Q97942936
Q240634
Q9632772
Q106810715
Q403
Q131491
Q5226392
Q9632794
Q16219148
Q28689700
Q1321
Q6266946
Q8527082
Q17085321
Q334652
Q2037865
Q246106
Q17103495
Q34739
Q55246864
Q398936
Q5648568
Q212944
Q8641
Q6441
Q7191838
Q1340993
Q15293747
Q708970
Q1085972
Q726239
Q5107748
Q19667832
Q5108145
Q7174717
Q2050326
Q1475
Q10041726
Q65044248
Q5193799
Q5324176
Q6929372
Q5138681
Q2291171
Q1146412
Q117040
Q569337
Q1127306
Q491603
Q5598069
Q153946
Q582981
Q6200455
Q858579
Q5610301
Q4760504
Q71163371
Q7247069
Q19753637
Q580
Q5593854
Q19351429
Q101631346
Q4042365
Q768011
Q17020919
Q1933310
Q278171
Q9427985
Q15835707
Q11011909
Q11814072
Q18754944
Q108809689
Q726057
Q8855645
Q20318966
Q105756328
Q111303465
Q165972
Q11698396
Q55529018
Q60447791
Q11009819
Q1003572
Q4488657
Q2532274
Q2371991
Q6775823
Q264289
Q1088453
Q5245015
Q3431654
Q20327610
Q1333356
Q9632975
Q7865265
Q193815
Q969663
Q5245353
Q5939454
Q6711965
Q43303
Q2236198
Q17099320
Q506121
Q9413663
Q5245717
Q1899781
Q98793259
Q1329372
Q49879508
Q319166
Q14333964
Q1362401
Q17017760
Q18225353
Q103538966
Q6039825
Q13134
Q673104
Q17017779
Q5347609
Q3875228
Q4808534
Q350349
Q65624672
Q9633024
Q111051560
Q55958052
Q9413673
Q18996704
Q11856396
Q549624
Q1355594
Q8085797
Q1153442
Q826068
Q9451458
Q4024842
Q20376243
Q159232
Q7140619
Q18383
Q1144907
Q5250949
Q2552873
Q9633177
Q20376352
Q1347285
Q1153901
Q4774898
Q724190
Q5252853
Q430735
Q7360926
Q11319632
Q694313
Q766445
Q18071308
Q740968
Q17985937
Q17986532
Q29033349
Q64754197
Q350
Q32372592
Q108419052
Q108419125
Q108419155
Q2425736
Q4095231
Q22
Q24353277
Q9633528
Q5580081
Q6216011
Q1184292
Q7647306
Q5254007
Q658826
Q990112
Q9633543
Q18091539
Q18091779
Q147774
Q272167
Q18640363
Q464129
Q7309098
Q7560585
Q65077806
Q1529811
Q7516936
Q148349
Q99885355
Q74044461
Q7029564
Q3705306
Q1321176
Q162279
Q1772450
Q3724803
Q2839087
Q860299
Q1478420
Q2736
Q5217906
Q5129967
Q55930385
Q2070717
Q305378
Q17017864
Q7383961
Q9634106
Q6407700
Q2340517
Q101500126
Q2324659
Q1055
Q8933774
Q7506710
Q9426312
Q1656491
Q1228158
Q1482940
Q1682069
Q692945
Q9141476
Q1374731
Q89532539
Q89532608
Q89532652
Q61149120
Q16274790
Q198413
Q188
Q1673149
Q20315534
Q366588
Q2901359
Q1507298
Q7515608
Q5349821
Q100400487
Q1632669
Q316528
Q4884715
Q6207221
Q63439
Q8409367
Q8409362
Q366856
Q9535129
Q9584642
Q2265243
Q2844957
Q9635699
Q6225
Q1289073
Q867776
Q100386912
Q11475275
Q8978768
Q11283104
Q11419354
Q11535628
Q11546750
Q15735806
Q9438968
Q16255944
Q1056253
Q11342456
Q102337721
Q11276525
Q11462669
Q9476958
Q6397191
Q29364
Q5567076
Q3376690
Q13412724
Q3030019
Q822413
Q8788552
Q231194
Q4284680
Q1891685
Q4056436
Q599510
Q141358
Q4162303
Q16672020
Q4390600
Q51636306
Q1067677
Q9528590
Q97502333
Q1143680
Q1145232
Q236367
Q7833836
Q2743501
Q184163
Q21512466
Q5569577
Q6254277
Q17220087
Q5306691
Q20715888
Q3113501
Q724016
Q10851372
Q11552349
Q9417750
Q954763
Q11968262
Q2272
Q11622879
Q846828
Q9434761
Q1415090
Q7281802
Q110150661
Q8054533
Q9425584
Q14944631
Q264206
Q646679
Q1329065
Q1329086
Q10043420
Q5523645
Q1047172
Q1053239
Q870523
Q9003985
Q18714693
Q9419775
Q1948696
Q1691630
Q615816
Q20378700
Q5686383
Q25804
Q6078681
Q1631774
Q16985955
Q344013
Q20377444
Q4043197
Q7634996
Q6437765
Q8824171
Q7564352
Q6546074
Q6778514
Q2676120
Q22799635
Q847596
Q660984
Q3352954
Q18880455
Q11980992
Q12009671
Q17114555
Q2526966
Q9640890
Q3994
Q5215689
Q826782
Q7322448
Q33405
Q22769220
Q22826289
Q3070639
Q7200005
Q1060996
Q11455180
Q11576668
Q11675523
Q3275430
Q6203187
Q26970878
Q579423
Q213
Q45700
Q4875448
Q1203852
Q8294218
Q11577283
Q11331919
Q7335538
Q17986745
Q16734401
Q935843
Q1251139
Q994175
Q17101780
Q62592521
Q62592522
Q998596
Q64605287
Q27013839
Q7797676
Q936768
Q803
Q20649173
Q3490464
Q7575527
Q3056615
Q3111310
Q3180202
Q691135
Q9426626
Q131425
Q48781059
Q6088212
Q242014
Q49993
Q50025
Q50029
Q9438483
Q36600
Q51928285
Q11888544
Q6305494
Q22569265
Q6306057
Q63922195
Q63922199
Q939758
Q22861145
Q6347122
Q21934073
Q9413720
Q54864626
Q10282
Q1066294
Q5270907
Q7659273
Q38389
Q4819829
Q7832268
Q1055873
Q184618
Q1211013
Q1163320
Q85195808
Q85196077
Q2343562
Q372103
Q3840596
Q936942
Q647
Q7248324
Q1213105
Q107498
Q2399759
Q8933761
Q1391336
Q4354637
Q10861160
Q17008594
Q1028
Q1219940
Q16958120
Q2349094
Q3750752
Q5556984
Q9015926
Q10313
Q27189136
Q316588
Q8376461
Q471979
Q25477145
Q115962
Q165467
Q5444197
Q2082
Q55247644
Q91345701
Q1226921
Q1338839
Q5041553
Q535900
Q19751703
Q3630
Q937185
Q4717895
Q38545
Q2909797
Q3376496
Q9643863
Q446065
Q63127066
Q63126818
Q5281462
Q527591
Q23240
Q41564061
Q56724009
Q733804
Q3805135
Q25416
Q20563060
Q7767835
Q8850017
Q180277
Q885907
Q1232924
Q3303506
Q69266
Q76906
Q9206563
Q472
Q2281409
Q10605230
Q1287696
Q6535018
Q1494885
Q2830560
Q6969179
Q713198
Q713977
Q7181933
Q7372111
Q574192
Q9648378
Q4774665
Q913499
Q20343970
Q9257262
Q2606741
Q5972482
Q22899378
Q9325974
Q7191318
Q268
Q9628665
Q54759
Q1759608
Q3269784
Q485176
Q247212
Q18277554
Q4807977
Q206959
Q744417
Q3684977
Q3700314
Q4013947
Q9004108
Q3709517
Q2286750
Q2695292
Q3609332
Q3659591
Q3762872
Q3827855
Q3852918
Q3938508
Q3956075
Q461316
Q65972089
Q1449
Q637814
Q108430346
Q108430369
Q108430386
Q108430404
Q12316405
Q12326920
Q12331447
Q12331749
Q2079912
Q44198
Q1128185
Q7080593
Q96336843
Q96336849
Q24898601
Q6847809
Q7435922
Q7456436
Q614008
Q211469
Q5998908
Q707689
Q1261093
Q20318607
Q7032293
Q2022317
Q98241815
Q1965845
Q2318560
Q2549900
Q2627184
Q15404804
Q14409086
Q107062168
Q161491
Q112915
Q9649862
Q2533251
Q9649872
Q979658
Q3052980
Q3311760
Q3524353
Q97320154
Q145633
Q12629976
Q2044
Q668687
Q17103509
Q2277734
Q435968
Q816502
Q6321924
Q1946521
Q3091080
Q340026
Q1625680
Q21642976
Q885233
Q437970
Q24241383
Q1785028
Q54766
Q352246
Q19848855
Q2955959
Q93452006
Q443690
Q20716832
Q3648564
Q4009201
Q3709536
Q1236257
Q3712505
Q3764228
Q3848654
Q3852770
Q3931418
Q3939348
Q3972445
Q4007905
Q1068887
Q2306
Q13360
Q9240082
Q6285
Q553557
Q16216819
Q220
Q11113
Q221
Q384
Q1708504
Q6409810
Q965985
Q1801429
Q319277
Q8615754
Q399976
Q7282477
Q12323296
Q3709513
Q1749626
Q3649207
Q3655180
Q3702095
Q3738123
Q3741865
Q3751183
Q3751379
Q3761754
Q3936032
Q106223257
Q25734205
Q7577180
Q4752698
Q6414917
Q110280278
Q471188
Q212688
Q1707705
Q5437190
Q1158008
Q12472070
Q12500940
Q10389
Q21683318
Q109005
Q325866
Q965
Q85597037
Q85598090
Q85598942
Q85601695
Q85602153
Q85602502
Q223761
Q3658573
Q105435418
Q105439868
Q7682911
Q321627
Q149086
Q27556842
Q98433899
Q10393713
Q9650246
Q17305823
Q5259394
Q19729579
Q12482791
Q3058349
Q5204452
Q533404
Q5062741
Q8034303
Q16215914
Q271730
Q7138178
Q1183648
Q56084714
Q4759273
Q9650361
Q18406744
Q853012
Q7582584
Q9833434
Q83961937
Q9650434
Q2397895
Q211494
Q20340147
Q15847599
Q19592175
Q10741085
Q16279831
Q6627915
Q2628623
Q310052
Q357310
Q449804
Q466088
Q540440
Q7856047
Q188713
Q93346
Q19003
Q2608170
Q644416
Q775208
Q8847215
Q15977967
Q1139341
Q5606196
Q24698166
Q28921980
Q16082666
Q174
Q2118402
Q1907871
Q73595
Q4747667
Q4887811
Q73644758
Q949848
Q205560
Q15217899
Q32338507
Q669042
Q3711
Q5447280
Q1571382
Q1077388
Q263959
Q23044893
Q5308980
Q5308755
Q8033698
Q8390467
Q7847498
Q14345926
Q212
Q3440893
Q42308
Q9846570
Q14409093
Q3709492
Q6190303
Q2011497
Q16208691
Q18996770
Q3284160
Q349223
Q1720696
Q3119293
Q1165366
Q1764
Q78899692
Q5115825
Q816843
Q3882325
Q374206
Q1102161
Q4889528
Q571188
Q5593921
Q106762851
Q184046
Q880388
Q953769
Q23083
Q10151
Q11700058
Q1994551
Q3877485
Q20361036
Q102223472
Q6257244
Q7116417
Q577802
Q6506110
Q7639591
Q108246224
Q17537148
Q7087550
Q339906
Q114103
Q28023495
Q1387499
Q6375418
Q7631519
Q52998
Q612024
Q105875
Q2690060
Q25044385
Q24204258
Q108430253
Q2131013
Q70095725
Q7169413
Q76530
Q95408954
Q1094920
Q25395
Q818142
Q18822159
Q18822161
Q18822164
Q49233
Q711024
Q57389728
Q105415456
Q94189393
Q612268
Q9998095
Q56580
Q59185
Q12751937
Q16098906
Q85998128
Q9759
Q22888436
Q22058340
Q9170958
Q101555376
Q11765282
Q108629703
Q18844354
Q56406960
Q113444
Q11979242
Q161892
Q19472450
Q437454
Q5321627
Q324920
Q3505341
Q5556522
Q8395516
Q13627677
Q68101702
Q17143806
Q4994639
Q7690378
Q495
Q1224744
Q3330733
Q1512076
Q1524898
Q171224
Q4053882
Q4296517
Q4430445
Q4264597
Q4438987
Q18930122
Q6702062
Q17098504
Q104259
Q28260
Q98152670
Q24909800
Q9738005
Q10586409
Q3141598
Q9619215
Q215
Q83286
Q1018
Q1179625
Q18424134
Q111088553
Q656
Q32777159
Q1649
Q11221171
Q1399256
Q1017117
Q10329944
Q8952395
Q127548
Q2540765
Q821802
Q1325494
Q30400333
Q107616087
Q107616129
Q7318079
Q14971823
Q1040
Q20337260
Q18173669
Q4824441
Q1973834
Q636
Q1033978
Q3500859
Q1647
Q14387704
Q1538622
Q12827
Q42735
Q3328854
Q5522894
Q6669740
Q5768739
Q3606691
Q133116
Q5125236
Q34647
Q18907884
Q110973962
Q104412938
Q7143378
Q661096
Q17090040
Q207538
Q110433029
Q110433346
Q6254708
Q6254720
Q16194769
Q3156365
Q7811846
Q29589117
Q36489589
Q5307171
Q6174988
Q7045529
Q7931519
Q862359
Q5505316
Q7708703
Q6969245
Q4374819
Q7454137
Q32770640
Q22884168
Q7877812
Q3809106
Q8530441
Q6845420
Q25094847
Q4758985
Q8628584
Q1253168
Q203995
Q22894352
Q1126636
Q11787652
Q16573666
Q105299446
Q9582673
Q5340117
Q4768729
Q28487642
Q3841594
Q5073322
Q89102888
Q27049248
Q7140414
Q8074362
Q4052630
Q4241300
Q4241301
Q891
Q69928165
Q2726026
Q1001440
Q20335954
Q7494190
Q6265237
Q606393
Q2907992
Q20329762
Q7303751
Q2414183
Q6780940
Q7047755
Q19664833
Q2488513
Q6676234
Q4727765
Q485716
Q1165777
Q3013343
Q256273
Q100710496
Q7577068
Q3072635
Q5127215
Q531786
Q41329
Q18688252
Q11899686
Q256025
Q9893882
Q16212620
Q935090
Q4721442
Q4721557
Q3012447
Q3101838
Q3564993
Q5793069
Q126805
Q55249041
Q121698
Q17102973
Q1912240
Q26347
Q100499013
Q1059281
Q351008
Q7697852
Q16246076
Q19182
Q2345785
Q3502340
Q579903
Q8068988
Q224780
Q15983670
Q51883416
Q3978979
Q7767747
Q16203474
Q10132894
Q1456588
Q3016513
Q4690755
Q16659072
Q1777855
Q17102100
Q1088707
Q49890656
Q32543855
Q18945564
Q17018129
Q3068012
Q1088736
Q455959
Q437642
Q11222862
Q62056385
Q7033939
Q46747
Q109036
Q48812728
Q90055348
Q331300
Q10095212
Q2695530
Q363019
Q438635
Q85110597
Q2770232
Q7759453
Q713880
Q2117925
Q1719158
Q56762278
Q60997853
Q858285
Q59030
Q27222303
Q48752769
Q2896624
Q3063580
Q3074186
Q3340190
Q642326
Q32002770
Q4764368
Q5233299
Q17253605
Q2555410
Q74902
Q74908
Q4169299
Q1230199
Q30570
Q74889
Q7855742
Q66370721
Q8384547
Q2260696
Q1653030
Q908
Q71652303
Q23719083
Q20736653
Q59638411
Q85945689
Q87770165
Q111086006
Q109269254
Q17103639
Q111022816
Q7712950
Q3016029
Q7226016
Q227045
Q3191747
Q78174495
Q3102674
Q3157537
Q3165143
Q3168830
Q3179858
Q8331184
Q983295
Q17012
Q851379
Q34006
Q21872737
Q2905590
Q1665613
Q2254634
Q10133553
Q11403
Q18468865
Q6359613
Q6347570
Q3306109
Q194328
Q6319259
Q178517
Q190151
Q192183
Q202733
Q205230
Q313098
Q346822
Q348177
Q482907
Q2927499
Q66067752
Q719672
Q87408776
Q104988248
Q173500
Q7339147
Q5685602
Q10147327
Q14387687
Q1143736
Q1155343
Q1323810
Q1329128
Q233349
Q233375
Q237348
Q8830626
Q25769010
Q10612819
Q265179
Q3305564
Q5621407
Q945549
Q474113
Q4885463
Q7280875
Q5357542
Q6315544
Q23159
Q16168520
Q11255416
Q18714759
Q42800
Q6774626
Q25652
Q8610022
Q1655258
Q5220279
Q345348
Q179815
Q499169
Q1758003
Q7751377
Q5107855
Q5273833
Q6210047
Q6212378
Q7803257
Q7487133
Q6175941
Q8734905
Q5685006
Q98190316
Q6166246
Q3148448
Q9503246
Q14386305
Q17013636
Q3375639
Q8459509
Q20318749
Q17100482
Q22888641
Q2481499
Q3030083
Q83726
Q8125872
Q31271153
Q106351756
Q42462
Q7719940
Q1282821
Q240509
Q3185915
Q434464
Q4971564
Q5046209
Q6279478
Q51833115
Q32727626
Q3338199
Q105424930
Q1352637
Q19361170
Q2661840
Q5169939
Q553788
Q8854869
Q1674054
Q15080219
Q5365532
Q3709551
Q18714950
Q862250
Q4357792
Q73188100
Q790187
Q6713911
Q1542347
Q6515797
Q7577381
Q778792
Q791862
Q188482
Q2035630
Q296872
Q296876
Q8295011
Q6369783
Q1055871
Q2040757
Q55250078
Q20329634
Q5370140
Q3015277
Q4848439
Q9659352
Q5370872
Q1935603
Q14341
Q5371010
Q960774
Q9659408
Q54879143
Q11890138
Q54614226
Q11864514
Q25368337
Q98765282
Q16996212
Q4677527
Q5039274
Q11117
Q341702
Q62026090
Q26
Q272203
Q10686
Q8851878
Q11151411
Q38211776
Q384674
Q9573826
Q17100385
Q2446204
Q6897006
Q364864
Q364873
Q375792
Q203263
Q14450562
Q25039973
Q8848064
Q1051843
Q9665473
Q879748
Q103659
Q5190199
Q3709523
Q6289708
Q6279983
Q189133
Q1124849
Q298601
Q7096180
Q1985895
Q10844282
Q1459531
Q191088
Q201656
Q210172
Q1021563
Q8567917
Q6382786
Q3812070
Q390963
Q48187
Q72259
Q12201526
Q778074
Q2963259
Q176
Q2626348
Q13121
Q22883553
Q107357285
Q105221
Q23858
Q8846706
Q8846704
Q3246973
Q11268272
Q185610
Q6606919
Q1949791
Q1326921
Q145480
Q180004
Q270364
Q2735792
Q293590
Q96278502
Q6823316
Q8821270
Q22720132
Q20751880
Q4357752
Q4701847
Q7816885
Q55250333
Q14440510
Q110235547
Q335629
Q55963535
Q55250338
Q784001
Q8039980
Q6983571
Q5144791
Q364875
Q189758
Q18910376
Q18910380
Q7619659
Q193174
Q355411
Q63854
Q27927232
Q546
Q27927159
Q226887
Q833
Q2807950
Q7775578
Q3887532
Q45759972
Q11217835
Q11850460
Q11886620
Q16990223
Q16990949
Q5392588
Q5414136
Q99203928
Q543800
Q9861948
Q80434
Q20359459
Q51682
Q4356702
Q5917
Q752681
Q1048469
Q1424517
Q638583
Q17100440
Q2262303
Q3606733
Q267720
Q4354182
Q233393
Q234428
Q57860
Q32426961
Q7250146
Q109140
Q209678
Q16988213
Q18637369
Q2560244
Q7800271
Q60425653
Q4978368
Q170433
Q50076667
Q295817
Q1909207
Q3299487
Q551634
Q924058
Q20373098
Q17070143
Q28233689
Q29641372
Q25413
Q547137
Q3709431
Q234939
Q240418
Q289064
Q335643
Q8949145
Q211752
Q6793241
Q6971687
Q7049894
Q90891830
Q19672555
Q19672533
Q19672535
Q16241268
Q5545287
Q9935577
Q463715
Q528011
Q20342265
Q524360
Q47034
Q6305485
Q7178778
Q7409378
Q99639098
Q99639095
Q1204
Q3030135
Q470996
Q8449093
Q34682288
Q77752109
Q3676126
Q3700226
Q7982829
Q8946961
Q18145206
Q9416855
Q11242907
Q23017949
Q1059183
Q11190719
Q23994893
Q1333008
Q1045976
Q11264861
Q11266715
Q8016740
Q8061457
Q9441863
Q543707
Q1299778
Q216649
Q7833564
Q9417907
Q1332948
Q3142741
Q315383
Q7727947
Q15497675
Q2592889
Q2659366
Q2927156
Q3106737
Q3196368
Q3876020
Q9417649
Q7640662
Q2534130
Q6318755
Q956
Q1514
Q26952342
Q5597940
Q1237
Q55250740
Q11310132
Q298089
Q1113541
Q3940988
Q4571014
Q4962155
Q514197
Q56490970
Q56491055
Q488946
Q9632756
Q2715283
Q3211884
Q107300460
Q6496369
Q6347322
Q55436
Q6055929
Q6173453
Q6265673
Q4886144
Q7122786
Q10695
Q2878946
Q3298975
Q61787856
Q3288207
Q3298007
Q49242
Q8576855
Q5153334
Q7654470
Q255136
Q1245465
Q1783490
Q4353974
Q456231
Q499364
Q950117
Q8234206
Q8234205
Q10981679
Q28368288
Q98608837
Q3030102
Q2085683
Q9584764
Q963
Q20368546
Q6871178
Q52985081
Q564945
Q71521142
Q9575147
Q378988
Q28478863
Q2873375
Q5375804
Q5400827
Q948117
Q10797182
Q466649
Q537176
Q369898
Q553413
Q716243
Q7802855
Q8071876
Q17305589
Q20349479
Q3279343
Q17152
Q6804236
Q326201
Q11350991
Q17060507
Q10856340
Q11242366
Q11248744
Q5363666
Q9437547
Q111095695
Q5398144
Q7626791
Q47499028
Q4906603
Q20666004
Q1361609
Q25013562
Q149556
Q4829895
Q215215
Q7180586
Q5897627
Q15459847
Q8522068
Q3922628
Q121765
Q934293
Q304509
Q17102106
Q2393563
Q311241
Q3242577
Q4958243
Q7332041
Q7365846
Q8673408
Q43267
Q20138
Q771
Q61215230
Q33935
Q1184501
Q388296
Q13546739
Q1032
Q1751354
Q537118
Q7714774
Q6771132
Q1415
Q470937
Q1342312
Q3067338
Q1155385
Q1299
Q15862
Q178095
Q329270
Q396
Q58381
Q82545
Q7798538
Q67079797
Q6768910
Q20365814
Q5206081
Q10037023
Q960
Q2343970
Q6941969
Q48835363
Q297232
Q661707
Q56753938
Q1324712
Q99669526
Q20352303
Q182374
Q6942482
Q12481639
Q11216213
Q12481044
Q12495074
Q12498766
Q983087
Q9778898
Q10211508
Q11649
Q29606
Q382890
Q45188
Q483810
Q484311
Q730046
Q23298
Q10099309
Q2614533
Q395786
Q3328555
Q55616792
Q7884775
Q16203501
Q5402944
Q101427023
Q1270962
Q138338
Q106265238
Q28403793
Q4717558
Q20339198
Q604071
Q53256408
Q201812
Q53031599
Q1189813
Q372787
Q12010955
Q62697030
Q62701798
Q62706515
Q65994223
Q85513684
Q7911643
Q96029044
Q6545073
Q1899
Q20931647
Q1190562
Q34692
Q25439868
Q9683528
Q5213268
Q773853
Q8429918
Q655514
Q5421639
Q4766345
Q9684083
Q6530768
Q4129837
Q9684179
Q3257577
Q16731614
Q4037112
Q109923730
Q184775
Q9154223
Q6354288
Q5422809
Q10148
Q937500
Q1503180
Q107303494
Q6304399
Q7379656
Q3510582
Q21572840
Q4037429
Q1294240
Q7716148
Q53997734
Q53997747
Q8035480
Q1185390
Q9276216
Q56208958
Q10165090
Q409338
Q669127
Q5428442
Q7838960
Q495353
Q3007437
Q47088963
Q4906887
Q8063700
Q1003662
Q7802806
Q9685244
Q621294
Q2243755
Q1984179
Q23899750
Q107703185
Q2143246
Q5225314
Q16196922
Q257830
Q2858450
Q8005925
Q682912
Q1181308
Q1474604
Q2314820
Q5315806
Q127623
Q55635230
Q2073622
Q3925631
Q486868
Q3980182
Q312870
Q10254235
Q6988839
Q1254522
Q20895503
Q126039
Q3942184
Q110755259
Q3020726
Q11062
Q12654078
Q13039333
Q1892591
Q192260
Q23760830
Q2843513
Q322932
Q351176
Q3859413
Q5605407
Q322284
Q28228562
Q20330392
Q2943360
Q210428
Q7407344
Q1771297
Q2732965
Q2551621
Q2706131
Q3100754
Q261990
Q85626149
Q85626826
Q85627174
Q25045174
Q106260158
Q13220184
Q2389651
Q109578927
Q17031140
Q109012929
Q4772506
Q5372988
Q5606096
Q6173805
Q6468434
Q6939173
Q7407938
Q7519587
Q8850502
Q20931520
Q5358394
Q22886884
Q9168649
Q9523833
Q2372784
Q2456091
Q16383411
Q7438952
Q868684
Q13320452
Q1752683
Q99982244
Q974
Q3942874
Q28222754
Q188304
Q748710
Q356369
Q2837175
Q1158833
Q6347411
Q96613973
Q19272569
Q321014
Q6723262
Q705339
Q4997575
Q7744498
Q16844864
Q3323879
Q4913453
Q78179123
Q3503043
Q22898203
Q1977033
Q9261150
Q588
Q69488
Q8042497
Q3682648
Q526970
Q200942
Q367220
Q8954962
Q23072767
Q9832
Q883485
Q72799283
Q72799299
Q369361
Q768714
Q959673
Q1425428
Q655874
Q25041048
Q207736
Q7547190
Q5431463
Q185517
Q984331
Q392
Q4905064
Q7979654
Q424870
Q20377069
Q12342580
Q28225770
Q12749054
Q2052046
Q29016761
Q4349056
Q1544563
Q15972823
Q8024152
Q313683
Q1228431
Q3807789
Q455545
Q64636606
Q64640906
Q7735553
Q7369524
Q277865
Q88196269
Q22885447
Q7712771
Q2499627
Q2538395
Q3183239
Q15977192
Q19451277
Q8195640
Q6321900
Q318509
Q64682731
Q64682755
Q64682784
Q6830929
Q4866260
Q3833296
Q2467208
Q1699561
Q2097634
Q6789095
Q17143401
Q7811787
Q2162107
Q2356419
Q3398694
Q1001146
Q1175878
Q1350527
Q3017275
Q493730
Q522201
Q713620
Q611349
Q55634885
Q5334525
Q562084
Q6296875
Q7539034
Q7759377
Q5131171
Q8847810
Q3030172
Q24051111
Q19621490
Q3751202
Q8692
Q9538061
Q497149
Q301475
Q28402225
Q4758795
Q5258319
Q6384505
Q6509881
Q6827894
Q7307005
Q8460818
Q844245
Q206244
Q44122
Q64960481
Q24883162
Q5254512
Q5257736
Q5297971
Q6681672
Q7605598
Q1339305
Q8460834
Q7623477
Q9414238
Q827077
Q101095969
Q3050580
Q108865015
Q21067821
Q24196221
Q8850420
Q25003805
Q15101358
Q3245450
Q15293400
Q5321360
Q5520917
Q3809744
Q105191270
Q1799
Q383615
Q6321907
Q97291632
Q162842
Q5963549
Q6190587
Q9584511
Q1439928
Q1439985
Q7926991
Q82309726
Q1829182
Q368045
Q3076748
Q7436693
Q1512171
Q7746859
Q4529809
Q8848554
Q55252057
Q20317826
Q24190370
Q2830496
Q8499148
Q2164531
Q1350138
Q38022
Q324376
Q5758168
Q7884129
Q32339864
Q1165455
Q89439240
Q976267
Q3481107
Q1373347
Q242605
Q585575
Q8385630
Q1153070
Q25036719
Q55252110
Q22887355
Q6374947
Q9524411
Q1284835
Q2797445
Q2512346
Q2692738
Q54879064
Q56376875
Q406
Q20167884
Q60485058
Q6466908
Q31013
Q7049163
Q7422236
Q8996476
Q10860418
Q555917
Q64953372
Q20340741
Q1801449
Q2037374
Q2114310
Q317481
Q446983
Q62720164
Q188752
Q5374696
Q5575917
Q5238973
Q7169088
Q8493252
Q16387168
Q1178799
Q107377851
Q458615
Q725270
Q1660805
Q29110113
Q3436513
Q4935431
Q8847242
Q1251733
Q218031
Q8848476
Q5268441
Q10266052
Q10266053
Q25448757
Q10294469
Q10304041
Q10326252
Q10338474
Q15069113
Q20631078
Q4405337
Q9614654
Q31859976
Q9641399
Q542703
Q5459086
Q106298881
Q12339705
Q67030918
Q332953
Q10201051
Q20361301
Q11992978
Q60771292
Q37820690
Q37821129
Q37821412
Q37821803
Q5995317
Q725986
Q8690707
Q25807417
Q32552312
Q3427673
Q4927762
Q7174725
Q1096973
Q83404
Q913220
Q2028
Q7401212
Q293270
Q4934067
Q7172334
Q1954193
Q16215294
Q6377226
Q7445529
Q809177
Q73535778
Q184697
Q73538628
Q20193253
Q66092430
Q3178920
Q20324788
Q727966
Q204234
Q2023802
Q719681
Q460728
Q7544232
Q31064205
Q22796503
Q3335279
Q17625757
Q2872044
Q3311775
Q32019901
Q108068879
Q677542
Q6507768
Q847634
Q1951424
Q6507769
Q2395345
Q242608
Q3295283
Q448193
Q9517305
Q9491994
Q279035
Q1648409
Q20666010
Q1375814
Q2577283
Q514308
Q515113
Q516580
Q8848699
Q5406286
Q7727304
Q2499743
Q6163469
Q16881861
Q5588951
Q5767890
Q5768009
Q5778356
Q584385
Q9075304
Q3283444
Q913631
Q6161048
Q1524033
Q7000720
Q6555730
Q188313
Q936062
Q2261249
Q6162711
Q1146832
Q7799418
Q4909396
Q3544489
Q7663866
Q55252299
Q93636943
Q1189111
Q19873450
Q19981137
Q2579274
Q29018855
Q4877293
Q5451421
Q843
Q7676165
Q11739
Q786357
Q5964368
Q1344002
Q3393521
Q3393842
Q9057333
Q10305
Q6260080
Q486365
Q7543680
Q3029820
Q1017624
Q15875346
Q81964926
Q816070
Q18236339
Q134635
Q24709278
Q28237
Q995880
Q2824460
Q13329
Q2819391
Q3644819
Q5734399
Q17462744
Q935670
Q11694992
Q2617484
Q351061
Q363708
Q4484208
Q17307386
Q7193701
Q7607187
Q2153168
Q7166850
Q3496385
Q4836116
Q3487133
Q92315457
Q6768405
Q9516128
Q6851567
Q1346919
Q199797
Q610009
Q1233550
Q6224141
Q731958
Q606212
Q55252496
Q2113212
Q51689
Q1183770
Q5515897
Q8851274
Q7027140
Q10836067
Q4540386
Q6521407
Q5758224
Q5129532
Q1935430
Q5529758
Q683420
Q828181
Q32819621
Q2860203
Q2275206
Q48688529
Q32896389
Q64391109
Q2894317
Q388906
Q2596981
Q3113687
Q3267074
Q2944115
Q4144511
Q5491908
Q585984
Q952724
Q51587075
Q319610
Q79990
Q7752480
Q6228586
Q506398
Q2624848
Q1327710
Q4793594
Q7340057
Q17199113
Q23087
Q18161581
Q7714021
Q168407
Q25803952
Q7598051
Q19666299
Q10168467
Q6142169
Q18997971
Q15179
Q5779365
Q30906769
Q7368600
Q7611145
Q2088719
Q2782424
Q3399667
Q5125290
Q6514406
Q8817836
Q2725622
Q1042879
Q55315339
Q11172354
Q6430602
Q97321153
Q82112
Q7771883
Q17403287
Q11143958
Q1647348
Q2400027
Q917561
Q89510836
Q89511794
Q5593780
Q5225933
Q7314410
Q25040419
Q1002631
Q14788268
Q370778
Q1799526
Q113692
Q475885
Q16992221
Q3008021
Q34779
Q1131655
Q107424129
Q1027941
Q694
Q22121082
Q25041167
Q25431241
Q30092899
Q49229108
Q2865
Q17520906
Q28954923
Q3854327
Q252833
Q11691421
Q371
Q300348
Q16567
Q149836
Q5229738
Q71174674
Q6113852
Q7531086
Q5504506
Q16730001
Q16933593
Q772507
Q22891191
Q3453655
Q1626572
Q6875415
Q3809133
Q10182064
Q83385262
Q7737734
Q1277670
Q1387284
Q2536778
Q10135848
Q190050
Q5289561
Q25724
Q1780056
Q108937206
Q18345366
Q6496367
Q101445913
Q427326
Q80252
Q15884917
Q2288836
Q6272801
Q144495
Q102828180
Q351260
Q93126502
Q5278006
Q6774439
Q15617117
Q3074625
Q7442326
Q939369
Q1055854
Q24241968
Q16731290
Q3013340
Q7757088
Q2162284
Q5481859
Q1703395
Q435060
Q1029135
Q3072636
Q18163437
Q5505793
Q4909880
Q8475005
Q202613
Q912649
Q96094539
Q96094638
Q96094645
Q19789
Q32336876
Q10281319
Q10320857
Q10346734
Q2738614
Q200794
Q6218669
Q20329126
Q65624334
Q105802268
Q3115913
Q12636884
Q1106673
Q135896
Q55638203
Q20687568
Q329485
Q2553368
Q1024917
Q345615
Q107525409
Q7340069
Q11631
Q53662
Q8052513
Q5781110
Q5935261
Q685884
Q972634
Q1953930
Q1165195
Q64146761
Q20370535
Q7430573
Q17100500
Q106391426
Q108203259
Q108203387
Q1379531
Q2216063
Q2327164
Q2395799
Q2739268
Q4353758
Q4934746
Q5605490
Q6396262
Q65620058
Q6880962
Q8502054
Q9029517
Q2072586
Q7694262
Q3018002
Q1603
Q8056409
Q41621
Q291041
Q3141639
Q739700
Q3430679
Q2272293
Q2741208
Q4733859
Q23883100
Q13412708
Q5558403
Q3441738
Q1686370
Q8863663
Q18552132
Q1403519
Q19879307
Q108556015
Q2545760
Q713807
Q3285033
Q4700854
Q1728388
Q10741733
Q3716272
Q7797450
Q5173669
Q5220464
Q6200245
Q6828187
Q8852822
Q16966559
Q6297345
Q9585034
Q5322638
Q16549972
Q1677925
Q25067725
Q16185548
Q20331744
Q16993922
Q506777
Q8508572
Q4933447
Q106330620
Q12049745
Q7312272
Q3041948
Q6651574
Q6651679
Q7976502
Q8599486
Q4954181
Q5191452
Q1795027
Q105080672
Q5289496
Q4154199
Q15651065
Q375957
Q8760886
Q20351001
Q3276591
Q95612531
Q1346255
Q967901
Q18753171
Q2507476
Q6109659
Q4756929
Q949369
Q5621680
Q7151722
Q24039863
Q356252
Q3051263
Q6122807
Q3046944
Q445405
Q38453
Q8522087
Q1115784
Q60746560
Q3813331
Q6192789
Q7937785
Q95000158
Q8606770
Q1644016
Q2254458
Q34269
Q315107
Q15453501
Q1716611
Q354128
Q6659059
Q2166120
Q8599901
Q32008910
Q20377937
Q54154
Q108816612
Q108816679
Q5941581
Q3243580
Q8849237
Q1085
Q9584741
Q2965508
Q2095173
Q110822633
Q3118490
Q3385176
Q3479226
Q3549995
Q12005038
Q65679615
Q8849553
Q3249038
Q7493732
Q2907867
Q3530290
Q49890830
Q7053608
Q105321090
Q2400156
Q1157099
Q79232559
Q1066904
Q78477965
Q1403698
Q22458188
Q18742104
Q43189
Q48278
Q77248350
Q16614958
Q10150
Q246518
Q762906
Q3011276
Q20366639
Q3352087
Q109074565
Q10312780
Q11850708
Q11881180
Q11881567
Q11882726
Q11886812
Q1492082
Q3188129
Q60420204
Q111086056
Q134620
Q55253410
Q68153502
Q1174744
Q1652944
Q5106052
Q5881906
Q7148704
Q7831878
Q163132
Q30846244
Q25459943
Q1031340
Q43421
Q1783106
Q725011
Q1080836
Q8662899
Q984613
Q32105649
Q1144846
Q182659
Q14779348
Q104774896
Q22977877
Q2589723
Q160732
Q7102065
Q4343057
Q5228694
Q2148858
Q18857110
Q183029
Q590191
Q16734747
Q47465
Q840381
Q100744910
Q780097
Q100981428
Q9263248
Q2598
Q9483717
Q269980
Q28470273
Q1636655
Q4049546
Q105696917
Q2227698
Q4177481
Q4249513
Q9618783
Q3015934
Q108436097
Q25043240
Q2608155
Q9774310
Q3306470
Q1257488
Q3500041
Q1512710
Q109716016
Q1820549
Q3033740
Q3485189
Q5158829
Q101505
Q26082
Q15401689
Q16209437
Q18810669
Q513041
Q973729
Q109542029
Q56676158
Q9337186
Q10280791
Q10344274
Q3856676
Q9600645
Q9613846
Q9617963
Q54339
Q55253941
Q1756503
Q7672671
Q7795805
Q15206765
Q3547662
Q939196
Q93774525
Q2255794
Q3376712
Q8757607
Q9531280
Q3322869
Q7310646
Q6847220
Q1663
Q77
Q1335
Q32543766
Q2710343
Q5583051
Q43812935
Q5212311
Q6250995
Q6828781
Q7152405
Q163584
Q8850238
Q619278
Q1173373
Q20344549
Q16912031
Q1776073
Q108414836
Q6849968
Q999226
Q1336061
Q7630655
Q7798124
Q1028899
Q5335871
Q7334184
Q7701377
Q8852886
Q204382
Q303112
Q6347363
Q5946636
Q8810
Q6272789
Q16195399
Q6884734
Q5434855
Q13272831
Q2470087
Q17062216
Q27836004
Q27836012
Q27836043
Q27839463
Q24070374
Q1146096
Q25041449
Q7646863
Q7976
Q19842784
Q20048582
Q108915077
Q108915113
Q108915133
Q20898554
Q506395
Q17986654
Q23009040
Q4697135
Q295120
Q39709
Q28402308
Q16197932
Q28848
Q1021714
Q227889
Q103748097
Q1839361
Q5236587
Q5292615
Q25015182
Q240570
Q24256742
Q49186
Q2354222
Q6821888
Q23760960
Q4791099
Q7934899
Q5494088
Q7354646
Q16214212
Q829
Q4731217
Q6790930
Q79867
Q22276865
Q200166
Q7079783
Q5550216
Q386338
Q7507581
Q6008872
Q232226
Q968937
Q2000460
Q99509560
Q18161694
Q4051704
Q431244
Q6690171
Q4957951
Q172157
Q7963695
Q213465
Q2032079
Q20640696
Q2663981
Q163749
Q4120935
Q2917034
Q7132585
Q919961
Q472675
Q983822
Q206988
Q711884
Q49199
Q7012398
Q254371
Q270692
Q17040172
Q5646261
Q6318214
Q1507493
Q996691
Q25041662
Q168486
Q7520260
Q19938910
Q5446258
Q6111302
Q548664
Q707708
Q16215820
Q54820908
Q2617944
Q668
Q1156
Q7423929
Q34183
Q6166353
Q16223660
Q629088
Q2267088
Q695411
Q16222461
Q7545330
Q37043
Q748474
Q31552267
Q7094528
Q6363244
Q6174667
Q5552574
Q186141
Q6749762
Q28374769
Q319369
Q3647393
Q3857375
Q1021319
Q4545734
Q1087672
Q16231369
Q34374
Q885833
Q2073924
Q6666144
Q5213139
Q2096
Q28835710
Q28835711
Q16215627
Q7494098
Q15059472
Q40209
Q7035243
Q494707
Q2504576
Q2841
Q2141
Q24884940
Q26485
Q2905851
Q129910
Q15648254
Q16148807
Q18818796
Q23879633
Q28700673
Q34344769
Q98072143
Q189074
Q822
Q64764652
Q17151102
Q755745
Q2626684
Q185216
Q124010
Q2892166
Q1182371
Q710466
Q18163905
Q6869568
Q2028564
Q6671568
Q4817186
Q200028
Q5106893
Q3338327
Q897435
Q2429627
Q7727496
Q25748
Q5902229
Q7752821
Q1218
Q123709
Q14954341
Q49218
Q724534
Q1004734
Q204561
Q650316
Q7226103
Q749283
Q20047304
Q6901288
Q3331225
Q7919521
Q1024624
Q2697917
Q5465
Q11968170
Q49261
Q2082494
Q5434218
Q1266397
Q2093972
Q1348
Q386567
Q40755172
Q40755173
Q41506
Q16150067
Q4963816
Q265169
Q1022937
Q7704774
Q36405
Q1133217
Q4971533
Q2279713
Q7559481
Q2044777
Q11288071
Q130290
Q1998195
Q939105
Q14944309
Q85284674
Q8686001
Q6418076
Q17231666
Q556984
Q778444
Q32357239
Q209745
Q1533331
Q1938749
Q1913888
Q2063203
Q1075443
Q1134409
Q1186415
Q1359510
Q347456
Q355142
Q9421839
Q4754434
Q146690
Q6993453
Q23443
Q7397430
Q20685051
Q23346
Q20328436
Q107897942
Q6770054
Q106472103
Q24241902
Q109286421
Q3397882
Q10543701
Q29244
Q787041
Q1070766
Q175195
Q278108
Q312797
Q315811
Q321092
Q321332
Q453600
Q740668
Q6363819
Q23276
Q909146
Q8482251
Q18998943
Q7535619
Q12995
Q5552964
Q532972
Q1147692
Q23666
Q3528922
Q99670676
Q180598
Q994575
Q1479593
Q3070225
Q3154340
Q2836542
Q3086801
Q3298943
Q3470453
Q13328832
Q920964
Q4672972
Q1084539
Q16992988
Q7749668
Q51685
Q7800608
Q47488205
Q786296
Q912
Q85607153
Q85607782
Q85608045
Q85608219
Q85608529
Q650100
Q1411027
Q858728
Q8254968
Q3841623
Q13412699
Q5336737
Q1852699
Q2359734
Q2656667
Q2916576
Q4951978
Q981785
Q7856391
Q8875394
Q5948740
Q1370
Q5753228
Q1401499
Q797894
Q16734578
Q750
Q2841004
Q183124
Q6675314
Q38856616
Q3874282
Q39019026
Q274183
Q7924807
Q2740367
Q26847162
Q43459523
Q43459670
Q6285663
Q7088835
Q1007106
Q105534373
Q50406023
Q50407074
Q4849334
Q3367451
Q545516
Q153930
Q677705
Q9011330
Q17020590
Q708158
Q10108178
Q2351181
Q16860737
Q5172427
Q918157
Q312885
Q1538765
Q6745414
Q10780973
Q3116754
Q5638030
Q9462255
Q1010232
Q347039
Q1448
Q11691978
Q400535
Q4779509
Q4818321
Q3709547
Q1362037
Q11722855
Q28945648
Q105750465
Q1445729
Q17382687
Q3838758
Q8253340
Q7044889
Q535245
Q57752
Q7855685
Q2805
Q8318056
Q12221321
Q441459
Q487999
Q6259519
Q345565
Q84757621
Q959867
Q7727626
Q6846377
Q3177785
Q2534034
Q2905559
Q1176873
Q4412666
Q12124685
Q2473741
Q5586364
Q53764727
Q8494701
Q350541
Q2549389
Q4942839
Q16872886
Q25392740
Q3634527
Q269593
Q7795818
Q935263
Q2310327
Q4886111
Q613874
Q4743923
Q101983321
Q15442094
Q18394692
Q2863313
Q5101497
Q8606130
Q20374437
Q5587704
Q7564370
Q5566425
Q2188130
Q235952
Q4761431
Q8010260
Q1428
Q15504848
Q357476
Q704864
Q1167000
Q106602842
Q3856
Q13494425
Q847681
Q184249
Q229153
Q257302
Q292623
Q36153
Q456592
Q7156829
Q7214234
Q772494
Q17151
Q65938469
Q109424218
Q15723952
Q90593
Q266157
Q6503230
Q603117
Q3030113
Q1634265
Q8849908
Q2598277
Q1589017
Q4036835
Q9415098
Q16841176
Q5580981
Q233959
Q2960962
Q440668
Q5562918
Q6377326
Q55254835
Q20375616
Q7112958
Q376960
Q8493228
Q1805330
Q9460901
Q15517759
Q5576357
Q1387901
Q17775701
Q3517043
Q562892
Q7152702
Q7345222
Q55958993
Q10114177
Q6298178
Q20338795
Q55254878
Q7491367
Q5107342
Q1316345
Q569003
Q16278681
Q5609434
Q727781
Q740542
Q2264742
Q59361448
Q26339
Q754078
Q63536580
Q505957
Q7682909
Q1535128
Q19686492
Q30646862
Q1779666
Q2534843
Q5254529
Q694768
Q8830222
Q9103465
Q9500690
Q13321095
Q1280145
Q2332350
Q5980832
Q868647
Q96408814
Q460735
Q26481897
Q239
Q20315284
Q505517
Q746820
Q16198835
Q1650454
Q892824
Q28843636
Q1004358
Q43380
Q17102520
Q15450726
Q32652558
Q190235
Q31550844
Q830325
Q917597
Q20315157
Q139473
Q1983116
Q1759336
Q2546219
Q2850364
Q3060850
Q835835
Q108516795
Q1479
Q456999
Q690282
Q52063124
Q331461
Q958007
Q17370654
Q1217583
Q7204422
Q76635256
Q3806274
Q8818115
Q8818111
Q7721631
Q7088352
Q1182297
Q9051097
Q24818848
Q2723652
Q25263305
Q22866812
Q11882504
Q11898033
Q4347746
Q6160422
Q725282
Q17100682
Q529289
Q183508
Q311157
Q3116759
Q2299832
Q7367948
Q543548
Q10542929
Q5520303
Q160778
Q2607919
Q2714523
Q28801777
Q4006829
Q5076939
Q524965
Q616015
Q66691
Q9512880
Q9458203
Q5459098
Q16974603
Q55255118
Q6753829
Q233
Q20316841
Q6785809
Q7365111
Q3709582
Q5407390
Q9986570
Q506288
Q3136548
Q17141893
Q55255150
Q861823
Q7562499
Q17004904
Q8755489
Q2870767
Q25042824
Q106650255
Q1984557
Q3525380
Q7620146
Q16781021
Q13286091
Q2916110
Q40185
Q16033690
Q3480633
Q104843157
Q16809179
Q8847503
Q7911258
Q100552775
Q2662821
Q3143343
Q3531877
Q5383
Q32336832
Q18219547
Q3709597
Q1174183
Q1293278
Q11879999
Q16991131
Q23908019
Q26723721
Q28720698
Q4605475
Q20335577
Q3607771
Q74813
Q1087137
Q28197144
Q1139136
Q38439
Q568246
Q5203997
Q1344631
Q364526
Q465127
Q550127
Q5608
Q9482931
Q29372
Q105637110
Q598593
Q9212979
Q315760
Q111047786
Q49085
Q7405790
Q5092743
Q5205464
Q6509918
Q18424
Q2784959
Q222885
Q16151683
Q584298
Q68935437
Q2142289
Q3011350
Q3316622
Q8656
Q2887297
Q3421501
Q2238236
Q3743853
Q20333157
Q2326
Q32591743
Q622871
Q1508104
Q2816565
Q2818443
Q16154578
Q18744760
Q2813374
Q41185
Q25028165
Q6718873
Q803783
Q157953
Q8300306
Q8300308
Q4811451
Q7577860
Q6183622
Q4679927
Q331748
Q86130141
Q98380567
Q12253634
Q12255301
Q12259506
Q12260091
Q12260802
Q12269049
Q6168713
Q10098396
Q10098336
Q220010
Q5147691
Q9534628
Q9584581
Q38380
Q4066416
Q4514954
Q3544
Q32778437
Q17198155
Q29466026
Q932977
Q1948363
Q2491800
Q2931186
Q4463490
Q7601560
Q5732000
Q7403158
Q282131
Q16959972
Q5593901
Q5776074
Q5612237
Q7299689
Q14411034
Q23848
Q1495464
Q453496
Q465160
Q66751
Q69003
Q77565
Q9042670
Q2476036
Q7968897
Q20347139
Q16428041
Q9908902
Q6835109
Q584793
Q3030074
Q6270550
Q7613556
Q1092553
Q170497
Q38234
Q746573
Q84030892
Q16731825
Q8502113
Q7256495
Q945817
Q20979395
Q10141581
Q994925
Q3740130
Q465463
Q462161
Q4750535
Q4720533
Q7659636
Q17783230
Q12752058
Q16099109
Q432916
Q5304960
Q7035709
Q7299878
Q481900
Q10725892
Q193234
Q220861
Q1561746
Q15405637
Q457846
Q58049
Q656687
Q722510
Q722521
Q723107
Q835631
Q9115924
Q3012
Q4043393
Q56875765
Q662575
Q15890937
Q214783
Q446512
Q452387
Q463231
Q669037
Q8304788
Q7219620
Q12011585
Q1205214
Q16159205
Q1780561
Q18844372
Q18844498
Q18857010
Q10403701
Q231661
Q126399
Q290317
Q319773
Q438175
Q454075
Q8216899
Q145677
Q8216908
Q7202119
Q7919382
Q92438037
Q6173587
Q7784500
Q110822493
Q1394500
Q3071544
Q13047621
Q23157
Q1138912
Q70573
Q14191863
Q407322
Q6347558
Q109096
Q52942236
Q677613
Q25013401
Q192861
Q19697
Q933207
Q2765
Q6343627
Q164757
Q101438426
Q1435485
Q6616
Q6818418
Q6847096
Q90698611
Q91133715
Q130857
Q183945
Q6738392
Q25043581
Q2549075
Q7767702
Q21402320
Q293828
Q1718340
Q7411
Q109774178
Q180915
Q21402274
Q21402279
Q21402282
Q434831
Q518312
Q518395
Q9038950
Q658182
Q2293596
Q2567581
Q9528649
Q126269
Q9417161
Q7539839
Q6447203
Q1634794
Q381883
Q7292439
Q14335059
Q2528087
Q4162232
Q2005601
Q355382
Q5627680
Q863069
Q19619442
Q16884861
Q105829115
Q12343245
Q1346915
Q13643169
Q16634714
Q16728173
Q16730849
Q19665684
Q22996764
Q321488
Q328567
Q3830197
Q4413268
Q56722801
Q5740032
Q6827821
Q6831619
Q780741
Q979655
Q99604884
Q99611645
Q99688729
Q99704376
Q8859399
Q10235669
Q366747
Q193111
Q18999308
Q101479260
Q523563
Q11902236
Q16299268
Q1968488
Q50385043
Q50385059
Q61104694
Q706426
Q111085994
Q55268041
Q10796898
Q21048
Q3701506
Q4905961
Q1173086
Q3181360
Q456922
Q4913513
Q5203636
Q7822434
Q7824311
Q9609471
Q12336680
Q7772021
Q1464721
Q2571504
Q34370641
Q3703050
Q451076
Q7613607
Q8850267
Q10741470
Q2565722
Q317095
Q7856059
Q8849094
Q2265203
Q17103282
Q6838805
Q2585448
Q72429
Q8084988
Q902
Q9610
Q3640
Q2068991
Q20350682
Q3445796
Q6868046
Q66924509
Q6176907
Q6712842
Q230483
Q3709463
Q380318
Q455370
Q54567920
Q54567945
Q8888101
Q1716584
Q57858546
Q9520266
Q9506281
Q16177125
Q16180777
Q5092264
Q3013247
Q3157588
Q3182138
Q5135443
Q13346478
Q106320455
Q32
Q2532560
Q3862861
Q5354210
Q16343564
Q16343576
Q16343593
Q16343607
Q104903020
Q6665838
Q4889781
Q2529599
Q2632145
Q42398493
Q983410
Q57278
Q7217107
Q106714635
Q1907599
Q10307972
Q134233
Q4817999
Q9041202
Q3372435
Q3016370
Q4040385
Q6755437
Q202088
Q4646948
Q1355514
Q254023
Q3530561
Q442498
Q8216893
Q8216891
Q14406605
Q885214
Q1382341
Q4679599
Q5218363
Q572608
Q1186442
Q8302991
Q259415
Q189825
Q1468495
Q21236950
Q3114
Q2988851
Q18997623
Q23045108
Q23045574
Q3264201
Q11875268
Q1559680
Q11890405
Q11890909
Q16299659
Q16989503
Q10046949
Q8492892
Q4274844
Q1190590
Q6680766
Q1122048
Q3827207
Q990999
Q5701135
Q2913982
Q20366320
Q95989000
Q16206954
Q55316128
Q17399221
Q30072039
Q30612480
Q48719890
Q60805639
Q57356336
Q3573467
Q24884749
Q561383
Q8847790
Q28400828
Q990977
Q3616436
Q310749
Q11892571
Q1418683
Q3063294
Q11379786
Q11379801
Q11289039
Q166386
Q3019944
Q9481722
Q16727343
Q92839082
Q20322267
Q20349893
Q1018597
Q173699
Q786
Q526283
Q1020261
Q7542310
Q7116905
Q2831
Q237196
Q9414318
Q6917821
Q16231457
Q271395
Q24069597
Q18348904
Q155984
Q10191048
Q106485305
Q3862739
Q368535
Q28678235
Q32541887
Q11829
Q3229688
Q10621597
Q3029981
Q1364031
Q1806077
Q2250746
Q2451563
Q3112865
Q3292884
Q3312145
Q3358292
Q3358304
Q3376847
Q348571
Q445448
Q463185
Q514034
Q516342
Q534930
Q668141
Q714745
Q721521
Q939194
Q954598
Q971422
Q8607693
Q9497735
Q180057
Q31839
Q5661771
Q5573308
Q5697040
Q7573257
Q104837620
Q16970229
Q4271
Q9502769
Q12813093
Q4827682
Q21068736
Q782707
Q58041
Q23892224
Q9540190
Q64678494
Q64678627
Q64678737
Q193370
Q1353870
Q21063697
Q537853
Q20328312
Q657533
Q70469551
Q192759
Q110270591
Q1166250
Q11790282
Q11854428
Q5409702
Q94282795
Q39059838
Q20048765
Q3391271
Q32531532
Q10523483
Q3709425
Q2566813
Q3133829
Q3709169
Q5442155
Q23892223
Q3963
Q9654294
Q1159311
Q821456
Q56016447
Q1662702
Q1682382
Q329884
Q6394341
Q752762
Q9104253
Q56599157
Q11551702
Q16861824
Q64667528
Q64667544
Q35567379
Q35567389
Q35567398
Q6315392
Q3328764
Q6495423
Q19816339
Q1683561
Q70344897
Q15430150
Q1691370
Q19879811
Q2146636
Q55461934
Q70348838
Q70354288
Q2628669
Q1627576
Q171186
Q141940
Q5217332
Q167372
Q2618820
Q48737
Q5220362
Q7047219
Q7650964
Q20162370
Q361721
Q18149088
Q172438
Q14446054
Q7377914
Q5507251
Q202663
Q214226
Q380634
Q9534708
Q656185
Q9584605
Q6314089
Q6314105
Q6314207
Q4257395
Q5697505
Q5106304
Q2555412
Q5427286
Q742804
Q7380165
Q1255350
Q462735
Q742642
Q8689386
Q62212
Q8689380
Q18998718
Q11078274
Q194073
Q55269069
Q4955568
Q229555
Q28057001
Q15835178
Q10519124
Q25044443
Q11767333
Q11780644
Q2981148
Q62019196
Q7292084
Q61999288
Q6855
Q9640812
Q7798549
Q1387
Q93249944
Q2664851
Q274154
Q55269246
Q3388530
Q42632161
Q46229543
Q47670
Q20183160
Q21062467
Q612
Q158083
Q7573074
Q105415418
Q3295485
Q3973377
Q554670
Q6242611
Q81624
Q205817
Q51856073
Q6863922
Q1806260
Q27587
Q9413432
Q10954057
Q18467694
Q339423
Q438518
Q1698870
Q8923939
Q17151248
Q5949222
Q7699603
Q640097
Q1133030
Q1251232
Q4468153
Q6173534
Q223718
Q20358874
Q9413800
Q4048130
Q1238828
Q7279088
Q7048550
Q28167157
Q111142611
Q7644260
Q1282986
Q2220579
Q1157038
Q352518
Q381405
Q4679664
Q6392976
Q993915
Q3981660
Q2022163
Q7718520
Q5662915
Q8660
Q8281639
Q183308
Q26473
Q22881877
Q96029853
Q9414262
Q4759886
Q1881437
Q18688038
Q18152650
Q18856962
Q55289712
Q2067434
Q2559680
Q128244
Q1457545
Q533914
Q106581115
Q11785449
Q4044081
Q477001
Q107012020
Q6422667
Q16174219
Q22320398
Q8514215
Q56883180
Q81952027
Q9042205
Q106602731
Q7437587
Q1932484
Q108555553
Q8515073
Q6388871
Q3645238
Q1377400
Q1724
Q1375202
Q5035920
Q753567
Q10297721
Q983974
Q2891223
Q12431356
Q7782995
Q11691850
Q2072836
Q3030073
Q14711
Q16729054
Q283391
Q4215968
Q5499475
Q6437962
Q661883
Q7174521
Q7325557
Q948978
Q7856079
Q499425
Q9104407
Q2035976
Q2418036
Q26034113
Q101421014
Q3399331
Q51744970
Q8963929
Q9032694
Q8745
Q6317047
Q3521341
Q4820177
Q6500751
Q6688934
Q734696
Q18655
Q5503010
Q16146329
Q4980474
Q4631859
Q1083141
Q181847
Q22079501
Q619308
Q108530182
Q15430068
Q133073
Q1849080
Q3430501
Q21290201
Q18910371
Q6943170
Q10520282
Q13420662
Q3410212
Q909762
Q175102
Q211976
Q280734
Q296039
Q321308
Q335598
Q347159
Q861156
Q6357353
Q8389816
Q5445732
Q6208958
Q5598595
Q348446
Q667727
Q3456492
Q425057
Q1099152
Q5910598
Q9167369
Q105084
Q54764
Q20368060
Q4989709
Q3182093
Q529281
Q214
Q9514054
Q9465399
Q14446568
Q2025896
Q181854
Q2930498
Q44012
Q180233
Q287514
Q4760645
Q1810766
Q8828355
Q236523
Q32426551
Q1811175
Q7177073
Q1511813
Q1047366
Q15615
Q5422623
Q18998433
Q822057
Q90901305
Q16643782
Q2262003
Q2641241
Q4309924
Q55962436
Q100324153
Q100324149
Q4270244
Q4374220
Q4513703
Q914
Q9416599
Q390019
Q20314416
Q105491541
Q12060579
Q6301576
Q2045695
Q213572
Q18998589
Q11868875
Q291453
Q1000117
Q5602580
Q105952861
Q591682
Q911507
Q11815965
Q7438530
Q19667203
Q55270411
Q624661
Q707732
Q156743
Q18999244
Q51797539
Q11901307
Q11852521
Q11858250
Q16980622
Q2906175
Q20920565
Q20327312
Q16301575
Q7174429
Q96288825
Q25010437
Q202110
Q3389945
Q17306083
Q7519063
Q17576217
Q10254042
Q169962
Q1973164
Q104211493
Q104211763
Q104211802
Q104211825
Q7519323
Q806235
Q752671
Q10168780
Q1613412
Q6347417
Q355341
Q6278699
Q57076
Q5251607
Q1338446
Q963960
Q311621
Q441428
Q17007273
Q312060
Q646980
Q771072
Q1019819
Q75936
Q503312
Q8916440
Q2607836
Q2660489
Q9151229
Q4725925
Q55270550
Q20344846
Q7249932
Q2441120
Q19591169
Q1273641
Q82741
Q3300683
Q7300748
Q3241772
Q4807257
Q5347986
Q49255
Q7821392
Q3117047
Q111335243
Q151559
Q549761
Q10504359
Q4785299
Q155882
Q1648800
Q373669
Q3850034
Q440805
Q553028
Q6041948
Q6271160
Q966593
Q9622225
Q9412456
Q1877665
Q26430
Q52416618
Q100377193
Q106518537
Q40219238
Q50379096
Q32438578
Q443077
Q8976584
Q3704300
Q5247092
Q2132268
Q2240506
Q2671833
Q6163080
Q6834199
Q284777
Q8365303
Q8392841
Q648107
Q8076618
Q955619
Q309838
Q899126
Q10704
Q5684027
Q15869
Q928
Q4853410
Q7689661
Q6163488
Q8832354
Q794
Q7217137
Q16727521
Q740911
Q4775972
Q13361744
Q6013094
Q9961298
Q108540277
Q490732
Q5000232
Q4765667
Q56236158
Q64354430
Q17516495
Q1067089
Q108757333
Q14623986
Q110970423
Q110970686
Q60831101
Q110971189
Q110971211
Q110971235
Q110971252
Q110971282
Q6202346
Q3816355
Q5312877
Q5108219
Q5894006
Q3335203
Q5202467
Q6761801
Q15262854
Q1547394
Q3011323
Q7247040
Q6705791
Q3773408
Q3709423
Q1057003
Q128088
Q1771846
Q2636051
Q342526
Q657604
Q772463
Q6356448
Q11895
Q42482
Q6357758
Q1785607
Q354002
Q1178800
Q2494570
Q15489351
Q5941546
Q3482680
Q417651
Q3141031
Q3087350
Q3149003
Q3195364
Q3196161
Q15636210
Q4803167
Q14390274
Q31487
Q1328644
Q5423610
Q962095
Q150217
Q5288178
Q312327
Q613456
Q1655654
Q2374303
Q110412589
Q3879
Q56723540
Q828243
Q526484
Q9414569
Q16187025
Q2578333
Q7647706
Q809021
Q54264
Q3988918
Q263871
Q1154178
Q8702034
Q108516646
Q12303934
Q12318937
Q55271017
Q8353804
Q107693226
Q33316185
Q105936644
Q5874464
Q2832939
Q1606591
Q6967320
Q22888951
Q16918913
Q8002484
Q7344697
Q863832
Q7746914
Q5451422
Q7746915
Q2704219
Q8848564
Q23409706
Q7441236
Q6709256
Q8003076
Q983256
Q271783
Q26509
Q108555573
Q10222140
Q10995662
Q270711
Q6015526
Q2832975
Q8543758
Q2348254
Q6207806
Q1179660
Q2868
Q5106485
Q213229
Q3322469
Q2963764
Q1052139
Q110477
Q1698
Q2365459
Q2892907
Q3100494
Q227036
Q1008
Q2876580
Q52416718
Q6187043
Q923090
Q6008565
Q1185052
Q2089511
Q104715988
Q2412288
Q2882986
Q107258050
Q1154144
Q15793662
Q20342393
Q9603352
Q6458550
Q438124
Q16234964
Q3163208
Q3558216
Q3591432
Q544387
Q5040563
Q16785468
Q16196832
Q5105675
Q5372720
Q7182087
Q7490901
Q14397673
Q11297534
Q1062591
Q11520985
Q11466030
Q5960086
Q9008106
Q9433754
Q9433748
Q2067783
Q436915
Q209498
Q1917046
Q7341161
Q96246901
Q1546028
Q3878464
Q83507039
Q83507813
Q588817
Q7322375
Q7286270
Q2922661
Q18390600
Q5434605
Q5752251
Q918872
Q1563
Q5273604
Q753110
Q3535998
Q492264
Q544440
Q2252262
Q587064
Q909292
Q110603624
Q55271189
Q583183
Q1779120
Q239587
Q22761383
Q7766415
Q6535964
Q8849883
Q746768
Q2533333
Q1615991
Q179257
Q5613875
Q30008058
Q75005186
Q4347811
Q607108
Q80517
Q5464045
Q18688262
Q3498627
Q16214864
Q1075485
Q9247793
Q1195253
Q3566989
Q203987
Q108272132
Q108272136
Q110437337
Q1848933
Q2293167
Q1261808
Q9528548
Q9564986
Q2076779
Q354033
Q13137
Q336640
Q5033532
Q7342124
Q4876794
Q1815691
Q24436876
Q5019306
Q312395
Q10245355
Q16730378
Q5106666
Q6848259
Q1016159
Q38266815
Q6546061
Q7532146
Q109316615
Q26710831
Q109316766
Q109316924
Q109317047
Q109317307
Q25293048
Q996492
Q24902780
Q63066669
Q8002768
Q55630
Q138367
Q23055035
Q1683744
Q80915551
Q129259
Q1542343
Q65074086
Q101209696
Q2602011
Q25012801
Q83609
Q182415
Q1159171
Q5210561
Q4943824
Q92561
Q5281556
Q100982200
Q6849396
Q2994084
Q4890279
Q962118
Q3314894
Q6917412
Q3498891
Q54212
Q6276774
Q2549934
Q5191918
Q16727452
Q1930
Q235
Q5438177
Q180402
Q12622230
Q2525544
Q5510658
Q11972296
Q2836785
Q4749210
Q5350487
Q316102
Q5584440
Q16934958
Q18043689
Q1223
Q313049
Q1700738
Q16186235
Q15207384
Q49225
Q5708874
Q5229318
Q5670784
Q6498659
Q5431758
Q96586469
Q57743952
Q4004605
Q6985289
Q108417592
Q913243
Q128069
Q6073383
Q790188
Q284811
Q311715
Q111111051
Q2596245
Q18359177
Q65624871
Q24241603
Q276460
Q1145561
Q15256549
Q215026
Q2170880
Q311624
Q4911282
Q539506
Q896802
Q110678351
Q21090
Q7346958
Q7156157
Q6537592
Q4923069
Q2677793
Q5263821
Q494192
Q3493638
Q5210543
Q4961366
Q270887
Q59580097
Q5371560
Q22004736
Q525508
Q6985460
Q5306198
Q16209271
Q328021
Q6152522
Q935553
Q208262
Q1728690
Q6218868
Q1570170
Q5581657
Q1992093
Q5605106
Q829859
Q4442391
Q3734513
Q11397717
Q4041406
Q110934159
Q96409694
Q20684385
Q350511
Q621485
Q4121042
Q438935
Q510370
Q108177317
Q5216047
Q775614
Q1107834
Q185724
Q272374
Q3100060
Q5113389
Q1001316
Q7621380
Q1632601
Q928825
Q2897920
Q100894763
Q1102326
Q66187770
Q3306469
Q11886845
Q3311856
Q109313835
Q111432145
Q17113959
Q312883
Q5464999
Q29240114
Q942364
Q574651
Q5334896
Q7694459
Q4760979
Q16890558
Q19668066
Q931702
Q12399179
Q14314
Q12401812
Q4925628
Q10853023
Q25094094
Q217039
Q1886273
Q10160
Q217
Q12173366
Q21197
Q95234228
Q95238566
Q95239140
Q95239638
Q95241641
Q95242660
Q466785
Q3328727
Q19840475
Q4760484
Q7605980
Q3292707
Q7200640
Q3939671
Q1101670
Q2283054
Q3980941
Q584724
Q16019464
Q28078672
Q28078690
Q28078704
Q2093233
Q8002704
Q230
Q13412840
Q8068307
Q2542713
Q10103304
Q6668
Q1059115
Q1012470
Q12118654
Q7445624
Q6780112
Q442237
Q43788
Q213181
Q5331587
Q15841246
Q7572840
Q6788726
Q755420
Q3521549
Q7172323
Q4354554
Q7575163
Q1271828
Q6838205
Q1093465
Q7537768
Q23055032
Q23835348
Q862733
Q16192926
Q61759749
Q16213786
Q987
Q7382463
Q1072810
Q2145339
Q3503967
Q852584
Q9934
Q7330575
Q108710954
Q12326970
Q60806191
Q17081442
Q4731581
Q103550
Q12393903
Q21069258
Q28374380
Q28374388
Q20871203
Q496368
Q20337579
Q8848
Q3080929
Q208257
Q3339537
Q7233242
Q49012
Q16960382
Q6162217
Q5500542
Q5107000
Q5394549
Q5824704
Q7174957
Q6410504
Q3931406
Q5393342
Q4679896
Q22759341
Q85755587
Q97412345
Q6271442
Q2743
Q1076623
Q11343543
Q935692
Q2346794
Q6200410
Q7182431
Q921695
Q959809
Q99674576
Q7405759
Q2135791
Q1077158
Q3777260
Q7655339
Q1516471
Q6489545
Q6788612
Q5037096
Q3699593
Q3321244
Q833007
Q2196550
Q7816543
Q4129653
Q5656232
Q64374260
Q96898499
Q98086554
Q98086579
Q96900691
Q16950344
Q19903617
Q98097123
Q549981
Q669476
Q705424
Q6175102
Q7618813
Q7296863
Q1480013
Q486633
Q485708
Q5425430
Q6141334
Q819548
Q10549266
Q2195003
Q134672
Q17091397
Q2287482
Q23140
Q5554986
Q16397
Q224082
Q1392321
Q4162167
Q1158704
Q1174885
Q65048
Q664494
Q68030
Q699355
Q741931
Q868690
Q961172
Q8337581
Q8337587
Q6439171
Q6078
Q487119
Q3244156
Q34217
Q30638954
Q5292678
Q7975703
Q4382045
Q397
Q652
Q7355113
Q8037614
Q7609311
Q978793
Q163
Q5204442
Q4886404
Q372675
Q5592181
Q209000
Q487719
Q630018
Q678101
Q2588438
Q1367866
Q18509116
Q18509117
Q18509118
Q3183286
Q465172
Q3874
Q8979064
Q7276057
Q22905
Q4931665
Q3597029
Q4547374
Q20736541
Q30826264
Q2336819
Q818364
Q182576
Q106850360
Q28067670
Q11446196
Q16566221
Q21387398
Q24861
Q8044999
Q6832913
Q19817030
Q20639261
Q43070
Q10012575
Q5927341
Q5950632
Q7554815
Q6554990
Q13533924
Q254562
Q206933
Q322303
Q9527843
Q9560013
Q6289032
Q4905660
Q183462
Q1373485
Q447698
Q491132
Q3531407
Q23787945
Q7333989
Q5907736
Q7612505
Q6271275
Q66310424
Q4637552
Q28967473
Q303
Q18149753
Q1157105
Q6846784
Q3180286
Q3997413
Q1637228
Q3288118
Q9432576
Q294
Q163852
Q5648743
Q17034423
Q15910398
Q7617235
Q27416
Q4011242
Q39561
Q1088690
P5261
P5262
Q17124254
Q16962585
Q7990869
Q2405827
Q272069
Q22728605
Q7564708
Q246929
Q7358633
Q17517313
Q3549213
Q215182
Q334
Q30641216
Q6382705
Q18345617
Q1800
Q17517298
Q19861525
Q4571998
Q106581470
Q110305842
Q49243
Q45642682
Q23835336
Q1761214
Q618004
Q1286223
Q648501
Q55271627
Q7288652
Q511652
Q6730763
Q3150669
Q1995107
Q6901330
Q580204
Q1798157
Q374863
Q382002
Q5217206
Q891978
Q19651375
Q8919696
Q55853656
Q111019644
Q69569300
Q18597275
Q16207989
Q1772422
Q35831
Q55965084
Q11723223
Q3607486
Q3675497
Q3852030
Q49890099
Q16553
Q880530
Q398
Q1569993
Q20376362
Q345729
Q9049609
Q98433948
Q16744781
Q22443064
Q170478
Q3499083
Q243853
Q1869737
Q62058539
Q735751
Q108385629
Q38276291
Q58139654
Q58139656
Q111270376
Q106690084
Q1904
Q8802944
Q16056349
Q3348185
Q11998157
Q18844560
Q109483
Q973590
Q3640673
Q7375200
Q5257876
Q52083841
Q11870261
Q1228636
Q17150649
Q7462383
Q5212481
Q6788664
Q6315937
Q10585447
Q6297099
Q207867
Q8568478
Q4539731
Q170132
Q47952
Q8568473
Q1030
Q1078010
Q15441362
Q3820
Q5421158
Q43063
Q10996051
Q3647737
Q20744539
Q2653151
Q3505639
Q458625
Q47202577
Q728573
Q9512584
Q6347818
Q13639857
Q50674819
Q16659930
Q21893669
Q24059749
Q6702073
Q1024900
Q32369923
Q2521408
Q26234
Q1386554
Q16958037
Q28228593
Q28228662
Q18353572
Q6208458
Q18125170
Q9920
Q71865845
Q7502950
Q11930
Q6491467
Q1183
Q6404467
Q25493801
Q17013342
Q3104967
Q9378842
Q3013251
Q16299489
Q5563592
Q7388256
Q3701474
Q2127
Q56723913
Q55130766
Q5410018
Q55978916
Q79838887
Q105907023
Q6078363
Q68478868
Q7171184
Q111009610
Q96912379
Q2411009
Q347
Q1844
Q18515085
Q5457215
Q30333370
Q2271589
Q1825293
Q1467665
Q7754548
Q737445
Q491239
Q27694690
Q404510
Q104864997
Q51150628
Q519273
Q8561919
Q305029
Q1798870
Q22785831
Q3015891
Q3177054
Q3379076
Q3434250
Q3498916
Q32004349
Q17091278
Q4335955
Q12726892
Q4454900
Q245187
Q29583272
Q1330835
Q16970558
Q2507175
Q9503421
Q5122385
Q187861
Q3037323
Q6661446
Q16838960
Q4636487
Q896746
Q8873994
Q7080420
Q8002924
Q127855
Q110878740
Q23835340
Q5593776
Q1671161
Q55272201
Q7602345
Q4749320
Q7826809
Q20337543
Q6407867
Q7236795
Q3216587
Q3308130
Q3483744
Q11821346
Q22005773
Q3120714
Q32006000
Q2575441
Q24944397
Q5106232
Q138518
Q7213391
Q7564192
Q102361745
Q5460677
Q7979047
Q5423372
Q353656
Q29915327
Q4718706
Q5798906
Q55263261
Q27907839
Q55263079
Q1796368
Q2165976
Q2277515
Q711535
Q6539645
Q704635
Q215752
Q948832
Q715181
Q1041
Q3026916
Q4572438
Q6183627
Q135615
Q214344
Q1268283
Q2748579
Q107356468
Q6766927
Q3199831
Q4906298
Q25060487
Q708179
Q105723434
Q22778687
Q3376733
Q32546060
Q10042786
Q7714105
Q5066289
Q5109775
Q8846315
Q507670
Q7180578
Q1527502
Q313705
Q4717099
Q5225122
Q6120450
Q104994
Q1026783
Q23148
Q1454640
Q523837
Q7759454
Q5278497
Q5335876
Q5442163
Q5531141
Q1086053
Q20350067
Q26268
Q20341568
Q50825
Q2005372
Q7716184
Q7722868
Q205834
Q8847001
Q5288377
Q7736230
Q8847904
Q3181068
Q8848948
Q6041955
Q490584
Q9628235
Q27037164
Q104150849
Q104151097
Q444573
Q99702310
Q225298
Q16257844
Q15993646
Q16732343
Q19660994
Q322031
Q338551
Q5252782
Q7182365
Q727494
Q466751
Q5016439
Q7729676
Q577973
Q20365304
Q71137187
Q804946
Q64918154
Q6315965
Q21685928
Q422244
Q4016520
Q3735141
Q108530277
Q1153338
Q214227
Q434631
Q4856285
Q1397
Q14405918
Q6945080
Q3398790
Q16562
Q1914924
Q3757844
Q5761489
Q7045654
Q784800
Q266401
Q63224869
Q19617572
Q728728
Q108912
Q311900
Q486185
Q5751898
Q12225
Q6273503
Q5207238
Q5767810
Q9535000
Q9584627
Q218481
Q194287
Q20676490
Q346123
Q5228490
Q5525749
Q5605833
Q6490721
Q7614361
Q1774098
Q98226639
Q49111
Q7759364
Q20341710
Q7228960
Q7758088
Q5105802
Q5228652
Q6162495
Q55272518
Q7713600
Q1558442
Q10735927
Q7644294
Q7644296
Q22277854
Q2680519
Q3037986
Q3113012
Q380988
Q3814310
Q5040905
Q5132633
Q5486556
Q560040
Q952496
Q953895
Q8826165
Q9102580
Q3051253
Q3783284
Q8772346
Q2361696
Q743236
Q41187
Q1160303
Q1418381
Q1477108
Q2580222
Q4162154
Q441834
Q9516092
Q282968
Q7234278
Q107084649
Q11959041
Q11991323
Q11991505
Q11995274
Q17100122
Q274274
Q1130349
Q1770657
Q188648
Q256708
Q270123
Q8846933
Q8846928
Q25751174
Q10180154
Q18910372
Q7686228
Q205640
Q3724735
Q356992
Q103306575
Q1775316
Q4574886
Q1933016
Q2427845
Q5609916
Q5739790
Q5905394
Q6163563
Q6180504
Q21080810
Q18844379
Q1428469
Q5389764
Q1448175
Q7727599
Q4910732
Q2024069
Q100722474
Q100721103
Q100741329
Q100741390
Q458242
Q15215081
Q18634654
Q20348556
Q3793010
Q5996678
Q16178351
Q18418400
Q20160816
Q1460
Q108909496
Q19275263
Q279941
Q54957486
Q49845756
Q3587612
Q592060
Q18910375
Q110996193
Q65625448
Q7530114
Q4677148
Q611749
Q97353023
Q7803516
Q18922480
Q3273000
Q7751760
Q924717
Q28455982
Q108923303
Q18926924
Q1793004
Q6183649
Q64965869
Q944396
Q20370393
Q110792500
Q110792575
Q27786161
Q3177605
Q16206613
Q29025851
Q728039
Q16829778
Q8848303
Q52347
Q111363560
Q10226428
Q14260276
Q2849171
Q20322904
Q7738550
Q1290382
Q744327
Q11983500
Q17100203
Q6471623
Q6222987
Q19974957
Q15059442
Q1347948
Q213793
Q5044293
Q44989
Q257748
Q2835318
Q111015374
Q3703028
Q55929925
Q2608506
Q1472235
Q19858080
Q428808
Q904344
Q7658259
Q5177133
Q10467145
Q108553897
Q1817562
Q22115072
Q349204
Q5084918
Q5214531
Q5235343
Q6858519
Q7612008
Q8421704
Q4405355
Q9087419
Q5145327
Q5566178
Q6347471
Q20643840
Q6291186
Q20356199
Q7996461
Q25044789
Q5603
Q3520011
Q3001533
Q20340764
Q6680152
Q710574
Q1529513
Q746718
Q4162300
Q2472160
Q432155
Q99529483
Q2397859
Q860321
Q21328715
Q13360028
Q26001236
Q9008464
Q5503020
Q920963
Q131335
Q2958637
Q3916552
Q62054201
Q6543252
Q49890101
Q2614468
Q7755133
Q2746970
Q299132
Q18560716
Q4760971
Q10123217
Q18729883
Q11977717
Q20323615
Q83813
Q263337
Q383821
Q17103292
Q3030346
Q8817535
Q49145
Q2271386
Q5569354
Q4923294
Q1094749
Q7152743
Q4642337
Q30646264
Q348658
Q8221187
Q1016633
Q18685576
Q28371127
Q28374408
Q1027800
Q14409552
Q14920720
Q54341
Q294984
Q19649805
Q5658509
Q5679652
Q2415663
Q6759398
Q1465812
Q338781
Q15720481
Q56259198
Q56259199
Q12526
Q234019
Q32580973
Q6125005
Q9990009
Q124354
Q6713065
Q781847
Q4873491
Q3013690
Q505692
Q5235388
Q6396458
Q8293789
Q192240
Q8293785
Q16232096
Q18089589
Q284995
Q3503529
Q5371388
Q21130513
Q3486287
Q686640
Q12065632
Q432602
Q7690606
Q4804361
Q671812
Q20327063
Q2562575
Q17022309
Q19464263
Q105849144
Q923762
Q7893915
Q1672375
Q1277532
Q885951
Q8072658
Q127960
Q2526441
Q311050
Q7856411
Q17943
Q7342704
Q20365210
Q747466
Q18469123
Q2559305
Q2465220
Q2711746
Q26212899
Q110983551
Q3632455
Q63527124
Q3609341
Q1024724
Q9209585
Q7436728
Q205332
Q723430
Q7045474
Q5084843
Q15972916
Q855091
Q297552
Q3177612
Q55273245
Q1428637
Q6125889
Q1132384
Q139933
Q1448126
Q49236
Q1071873
Q88133279
Q88113640
Q909727
Q110042729
Q60806244
Q22776663
Q16324210
Q13336464
Q14192675
Q5576923
Q30727048
Q37764783
Q454876
Q4696692
Q6793918
Q6848128
Q7563076
Q7784025
Q8493290
Q20361589
Q7578630
Q16185365
Q5336436
Q5372672
Q6846325
Q6851398
Q7032411
Q7046906
Q7182055
Q8792060
Q542971
Q228
Q576562
Q160009
Q7764614
Q2141389
Q73079256
Q7975009
Q1143552
Q109306381
Q7138333
Q4828256
Q590932
Q3568279
Q6384639
Q1780
Q10026444
Q29046910
Q14387486
Q4204153
Q9426114
Q2052318
Q97584552
Q49162
Q20195421
Q6683876
Q4353885
Q3410
Q16987538
Q547071
Q5838
Q110263155
Q6829446
Q79743
Q7974090
Q5472795
Q17465876
Q24640675
Q7200857
Q4691039
Q5748559
Q8226172
Q6347557
Q5086366
Q533284
Q5798668
Q8069704
Q6277036
Q6317773
Q16208267
Q17102050
Q26849070
Q6413243
Q9377544
Q1792
Q1919647
Q2548394
Q729390
Q15281485
Q640981
Q3269434
Q47005557
Q2996566
Q12130
Q3027220
Q13328835
Q60749624
Q986689
Q2280168
Q20873494
Q25642082
Q5987057
Q99676834
Q106610020
Q106610723
Q56611655
Q97829151
Q17096950
Q26835667
Q586179
Q4739417
Q65937017
Q485116
Q222021
Q1027891
Q11085659
Q472344
Q539488
Q1200118
Q1200152
Q219631
Q445136
Q459375
Q736673
Q6395241
Q7485196
Q4975996
Q690991
Q6542180
Q6837074
Q16779414
Q449763
Q10430687
Q179682
Q214582
Q14615366
Q108472274
Q1180080
Q17090000
Q207541
Q5153105
Q173144
Q201908
Q60774799
Q6438009
Q4650032
Q7522609
Q1135557
Q101421673
Q13626005
Q65089281
Q108296074
Q1856554
Q108717289
Q108914574
Q2051052
Q101486501
Q105763636
Q108294619
Q108775919
Q108779219
Q1290388
Q1358159
Q1718083
Q1767094
Q18636329
Q2185711
Q2537051
Q2617185
Q28736417
Q3126163
Q323890
Q3382510
Q3415083
Q3648529
Q3707422
Q4451213
Q4834989
Q4851113
Q4994492
Q553858
Q56871938
Q780223
Q78512988
Q7894019
Q96761070
Q1384731
Q44977299
Q6033165
Q1510322
Q52677891
Q10952305
Q11509296
Q15305024
Q15885056
Q18699753
Q19643379
Q8217194
Q2743819
Q6215737
Q8217169
Q9447944
Q211277
Q108717288
Q1026811
Q105773410
Q105836185
Q105839955
Q105839973
Q105850440
Q105850462
Q105850472
Q105852512
Q1074676
Q108386091
Q108386526
Q108405557
Q114159
Q1298754
Q1418336
Q1513140
Q1514055
Q1585621
Q1639216
Q2296052
Q2660582
Q27623
Q2984055
Q32503
Q4053085
Q571722
Q590220
Q5978840
Q625383
Q629159
Q6653684
Q682132
Q8661565
Q6545539
Q60405752
Q12127847
Q106656969
Q36036
Q2468014
Q3503041
Q9148288
Q491252
Q313013
Q11163478
Q4744495
Q5020532
Q5031935
Q990796
Q1064446
Q162667
Q351768
Q388729
Q453314
Q453330
Q453611
Q504920
Q548438
Q54962870
Q935475
Q8846484
Q688596
Q212863
Q56632675
Q842176
Q8846474
Q15629158
Q25828269
Q19308403
Q2119
Q16659273
Q1533
Q89276864
Q1585625
Q23082
Q2332326
Q6466883
Q740145
Q1371
Q1688849
Q385704
Q17305660
Q6397354
Q3307668
Q1739374
Q1985284
Q5347028
Q7252798
Q708721
Q809037
Q24053533
Q217426
Q704955
Q20873476
Q7151018
Q9345594
Q224013
Q25339547
Q8052702
Q8052703
Q16968052
Q284703
Q312053
Q312691
Q313749
Q6365259
Q7220043
Q775282
Q11166521
Q12203490
Q127289
Q7824051
Q1339509
Q349892
Q526330
Q8855676
Q8855675
Q7858640
Q2456058
Q8877546
Q18354207
Q2691835
Q2876646
Q6100571
Q6134273
Q7152649
Q7352461
Q2145305
Q8846367
Q14334823
Q728753
Q94997624
Q6756367
Q6610028
Q9713011
Q10524959
Q10686523
Q2718277
Q2480392
Q2607278
Q346396
Q502896
Q679610
Q725351
Q741642
Q54343
Q9447517
Q6747696
Q749
Q4993071
Q4411488
Q13359886
Q4382270
Q2618412
Q3808540
Q13848792
Q8702147
Q12227289
Q110963030
Q110963055
Q110963064
Q110963067
Q110963076
Q110963080
Q110963083
Q110963150
Q55273745
Q518854
Q3538268
Q4924413
Q575315
Q19841608
Q2404213
Q254848
Q3011303
Q29234
Q1173653
Q1630451
Q10021910
Q30645022
Q28401204
Q3829378
Q47389111
Q47389181
Q107068534
Q107068536
Q85761817
Q97929212
Q49179
Q78899877
Q3949550
Q66133323
Q8051851
Q6650812
Q1800116
Q6652190
Q8599502
Q638
Q16193538
Q6391227
Q5527045
Q6659421
Q32377381
Q4639861
Q6671167
Q104094832
Q104095531
Q104096686
Q6200338
Q15803951
Q6671781
Q8601971
Q106942467
Q5365520
Q6904962
Q8849141
Q1711945
Q5550656
Q6347351
Q20015574
Q2474993
Q3746467
Q6347353
Q19270627
Q3293521
Q5749916
Q5865300
Q6301568
Q8346824
Q6201443
Q1143741
Q6075726
Q5341796
Q2375010
Q720087
Q18217118
Q63068
Q2465085
Q8218001
Q3488806
Q2378886
Q2746731
Q11347159
Q7781462
Q1973805
Q577829
Q179853
Q211478
Q1472441
Q307906
Q6798489
Q6720520
Q469195
Q537189
Q331087
Q3035418
Q2535085
Q734062
Q10965472
Q3030116
Q11627
Q576535
Q739636
Q8763910
Q9416508
Q13412142
Q1405352
Q2386801
Q26876
Q9415265
Q864024
Q823080
Q3394853
Q2654614
Q1377218
Q2233826
Q2517950
Q2851054
Q352087
Q505677
Q540095
Q547373
Q8771739
Q8771726
Q2350347
Q786675
Q1887102
Q20347904
Q7087380
Q253137
Q10741363
Q6429478
Q1319480
Q357455
Q364890
Q8848470
Q1792838
Q2706015
Q572709
Q8848462
Q14407327
Q6592743
Q7081505
Q16731929
Q1857514
Q193338
Q2372366
Q26702480
Q5210670
Q6219800
Q13278808
Q5543504
Q6524093
Q8071778
Q867591
Q336292
Q23868189
Q4737515
Q7153445
Q782536
Q737547
Q511488
Q8604496
Q3241496
Q1412
Q6966147
Q207753
Q1303546
Q984834
Q20366197
Q983812
Q1066024
Q1338793
Q1549376
Q166006
Q1757786
Q1824524
Q2064784
Q209956
Q221101
Q265222
Q47871
Q939329
Q3849549
Q3726825
Q108556116
Q276190
Q107136539
Q56752800
Q182625
Q5606212
Q671229
Q6878356
Q712917
Q20343440
Q17103088
Q2940239
Q6153639
Q6499155
Q29955262
Q7500390
Q3545914
Q3629055
Q3844231
Q3870199
Q5371067
Q7336798
Q1148560
Q1046707
Q7138927
Q336272
Q544890
Q846833
Q20362943
Q671097
Q100956023
Q1168925
Q1173331
Q2422397
Q2463538
Q940085
Q65624764
Q452166
Q16097381
Q208209
Q224125
Q225269
Q17311759
Q1406388
Q9010994
Q10295048
Q596779
Q55274147
Q16908532
Q3194512
Q66490638
Q3481414
Q42455
Q6347583
Q2762939
Q127495
Q1356665
Q316454
Q472051
Q704399
Q944128
Q8213750
Q6349316
Q63506475
Q5649956
Q17349054
Q8193865
Q25194091
Q64392856
Q8825145
Q42884753
Q98276918
Q12630875
Q12633051
Q12646016
Q15117914
Q3436528
Q6594522
Q902791
Q9866972
Q15124788
Q1949093
Q272012
Q10793145
Q3554401
Q656546
Q2081358
Q313992
Q435780
Q507215
Q6769876
Q6370041
Q7371518
Q5972494
Q812646
Q20371069
Q812
Q454071
Q493840
Q2599208
Q711454
Q981996
Q738825
Q863178
Q55261529
Q11236003
Q3709556
Q55261527
Q1035348
Q1076364
Q1077140
Q1079969
Q16587396
Q4358005
Q510835
Q7856021
Q203619
Q9272001
Q6194154
Q247731
Q12713006
Q3040076
Q77308970
Q64155
Q2297319
Q2518847
Q3311742
Q8569946
Q675553
Q10516755
Q1308364
Q1139482
Q326538
Q539116
Q545776
Q920073
Q9510381
Q996569
Q2608289
Q67398255
Q72418510
Q869314
Q7307754
Q22071769
Q110246922
Q4041618
Q106676000
Q26040
Q9415136
Q22885974
Q110607
Q10753694
Q38257
Q693164
Q8381040
Q2583577
Q10623879
Q1889701
Q7855871
Q9012554
Q6600194
Q5086379
Q7776510
Q918408
Q8850610
Q8850608
Q1215
Q4213190
Q4373185
Q6076830
Q55274466
Q10951229
Q251368
Q6603462
Q80193322
Q717901
Q10011898
Q6376385
Q14420
Q2704081
Q2466398
Q1647719
Q235143
Q264891
Q946452
Q163819
Q204956
Q7309947
Q65935396
Q1557681
Q505933
Q65598575
Q65967331
Q65967638
Q35505
Q6733885
Q6347056
Q207824
Q8915960
Q8085056
Q1347058
Q517411
Q1115671
Q1154251
Q2478956
Q2521435
Q2708145
Q28054755
Q705819
Q7816176
Q21162200
Q8660500
Q89296342
Q1150457
Q1446285
Q89342901
Q2442951
Q40898
Q6275626
Q1431327
Q25003078
Q919156
Q51007114
Q6859838
Q898618
Q202729
Q310339
Q1383538
Q1290313
Q1931555
Q22883719
Q1083337
Q233268
Q233475
Q235772
Q236240
Q237552
Q242104
Q8824126
Q588820
Q8824122
Q1349745
Q3352666
Q2706686
Q4673036
Q6878823
Q5133937
Q6776710
Q7176445
Q7358654
Q8635740
Q16949720
Q3683985
Q3709521
Q279
Q9216579
Q14448271
Q7046960
Q193459
Q10085718
Q2883714
Q323653
Q16215156
Q3811588
Q42880
Q1774264
Q18663471
Q18910369
Q18589547
Q13695875
Q15710970
Q82819
Q94157
Q65625474
Q25215476
Q352218
Q2061806
Q2965415
Q30731300
Q13452528
Q16682521
Q3547034
Q71813415
Q71814454
Q71814528
Q71814622
Q71814663
Q71814714
Q71814746
Q110848
Q6281351
Q15275252
Q3048859
Q20048572
Q4684253
Q83247
Q675337
Q1323052
Q6391237
Q1132458
Q1585075
Q836202
Q6951411
Q202628
Q2882658
Q4758745
Q16119995
Q8661725
Q17351283
Q2047814
Q16884472
Q18011279
Q20017097
Q58236041
Q15953436
Q15978315
Q17189372
Q2134234
Q2749899
Q903595
Q15970881
Q4221769
Q21634927
Q105696504
Q4105016
Q1525597
Q2941788
Q18634321
Q4298420
Q32773635
Q1501423
Q2905716
Q105968565
Q4104086
Q32754758
Q14396267
Q11336071
Q9530411
Q7052
Q111081961
Q16712310
Q4147960
Q32773569
Q2131753
Q464833
Q114583
Q12120352
Q12148573
Q12148577
Q1400655
Q15224558
Q1758841
Q2024165
Q22669
Q2491543
Q3501224
Q4429828
Q4512017
Q4523537
Q7601725
Q914820
Q945758
Q97372513
Q12063059
Q20034870
Q11801434
Q10072080
Q3807901
Q6024385
Q26087
Q16196378
Q7728003
Q243041
Q524526
Q7832297
Q5291329
Q93262063
Q711874
Q8848849
Q223961
Q4233718
Q3094889
Q506035
Q4885310
Q362333
Q3992919
Q1256
Q55275030
Q59476608
Q59470967
Q14407674
Q17067458
Q2749562
Q459045
Q2661783
Q551566
Q214494
Q350072
Q8074062
Q1371735
Q82469840
Q1754096
Q4249961
Q4458937
Q19566
Q32774038
Q4035598
Q22283670
Q4088895
Q60828729
Q372827
Q887
Q61678292
Q11171417
Q26425122
Q11738672
Q31995994
Q352895
Q7747326
Q8848584
Q4093779
Q3549209
Q459251
Q25043857
Q326937
Q7304103
Q9416823
Q220351
Q2324411
Q18206091
Q3366037
Q6555017
Q10951986
Q4384116
Q37024
Q12745588
Q12746062
Q12746892
Q12747361
Q16083079
Q20967912
Q10017457
Q7935297
Q5204449
Q355784
Q27338
Q4045743
Q17102396
Q105156955
Q7783317
Q4196720
Q1074038
Q11265538
Q11575464
Q2527502
Q2530475
Q988603
Q55275171
Q3178845
Q3177096
Q179691
Q21593048
Q67311526
Q22884237
Q1694493
Q7519754
Q104523525
Q104510709
Q18643841
Q15649
Q4361
Q106928585
Q2070620
Q5388698
Q2936300
Q20327298
Q1166
Q184587
Q3416359
Q9064213
Q352766
Q7803204
Q42399006
Q1264915
Q4685751
Q217893
Q11852348
Q11867733
Q16989793
Q16999959
Q5793790
Q1009109
Q1745149
Q1751082
Q9333951
Q4042675
Q6464998
Q988996
Q64685273
Q1035129
Q1935259
Q7185985
Q106518495
Q108388669
Q2325213
Q7715001
Q98690268
Q109754
Q1160363
Q1332752
Q1460767
Q1664230
Q85881633
Q7302687
Q10161
Q943929
Q13238
Q7737
Q5422
Q110251056
Q8847536
Q237922
Q3909384
Q7668068
Q6112829
Q21168
Q131287
Q18104703
Q7181651
Q20371659
Q11889705
Q55262873
Q70468939
Q70469256
Q90291402
Q70212480
Q192155
Q71303034
Q3294155
Q2289028
Q5331556
Q40399432
Q995142
Q7120665
Q7198900
Q16203046
Q12301908
Q491119
Q5919304
Q15972842
Q97355135
Q8847788
Q7754570
Q6208710
Q8849054
Q48809
Q101498813
Q1143745
Q2704746
Q133315
Q1990122
Q19200970
Q3506226
Q685954
Q73590516
Q7198827
Q35493
Q9658883
Q208173
Q8094788
Q774244
Q1114208
Q1114289
Q1114321
Q1114405
Q11350776
Q11882549
Q1199844
Q182352
Q3807323
Q549468
Q945398
Q1196431
Q7856415
Q9183008
Q139061
Q94882
Q7256541
Q1736370
Q1515312
Q3150119
Q6831582
Q2411289
Q17060117
Q313092
Q8846821
Q736742
Q106441451
Q6177518
Q6812711
Q22881567
Q6709703
Q6351600
Q2041984
Q2266243
Q437255
Q506558
Q712187
Q911812
Q8285702
Q8285710
Q1851625
Q6782748
Q32555544
Q2097664
Q7988422
Q13634037
Q3048437
Q16501280
Q30932530
Q553695
Q330273
Q11974602
Q11974606
Q18857136
Q37851702
Q100166697
Q30792162
Q1039432
Q1153032
Q7730242
Q434913
Q8847482
Q280012
Q681168
Q2966
Q2470152
Q7067688
Q12553564
Q258973
Q259691
Q8561743
Q7088327
Q455686
Q110988656
Q36947
Q195134
Q286944
Q7474252
Q509593
Q2501629
Q298930
Q518289
Q644470
Q81609
Q8761184
Q9104435
Q385791
Q125080
Q85017530
Q273442
Q28378615
Q3746561
Q7601817
Q7601822
Q18394410
Q7490885
Q2599472
Q35325
Q5508111
Q6912165
Q50417803
Q561515
Q675108
Q1351112
Q4646308
Q20341959
Q7967397
Q3157217
Q11710480
Q2883168
Q7765878
Q888679
Q8849853
Q7691534
Q75880293
Q6403840
Q6496396
Q190005
Q2064873
Q108555828
Q76467454
Q7017236
Q491461
Q1744506
Q7896947
Q711614
Q3898155
Q8683125
Q26019056
Q5388838
Q20379322
Q11885437
Q20920799
Q18960117
Q63852493
Q8073547
Q10161321
Q3432052
Q20061089
Q6721340
Q55275756
Q3284050
Q4977410
Q20372098
Q5108347
Q423999
Q16810752
Q15437773
Q2394009
Q12017547
Q12025492
Q12036761
Q12042725
Q12044054
Q17399662
Q18745741
Q4043742
Q9509841
Q9433322
Q13444676
Q538505
Q11811940
Q3709466
Q721474
Q8307888
Q8307889
Q1042
Q1173743
Q2248615
Q3370191
Q5190105
Q22880527
Q98049894
Q2580072
Q11315433
Q11341783
Q21817278
Q486700
Q588067
Q6722802
Q918538
Q6744161
Q7865826
Q5259019
Q3194777
Q103825263
Q103827388
Q103827798
Q19332047
Q16241787
Q1081127
Q12718754
Q16199549
Q13412272
Q1463031
Q371403
Q483907
Q8842344
Q23768
Q5800261
Q6237438
Q55275973
Q4628
Q183016
Q4042358
Q111350007
Q6756556
Q1004712
Q17776796
Q2431809
Q5522907
Q19923948
Q16280100
Q7922803
Q6789286
Q8896469
Q2261166
Q9104290
Q5108377
Q12090948
Q12151221
Q25442872
Q276
Q4449442
Q8798
Q12071505
Q12124128
Q12154180
Q32500420
Q7493605
Q7759226
Q2167
Q2236809
Q18688277
Q11857831
Q2080180
Q5406702
Q10251716
Q10251645
Q15732996
Q587919
Q28408027
Q7932642
Q12555907
Q341335
Q850546
Q1991330
Q1987718
Q2447305
Q64154148
Q937623
Q8719957
Q7342489
Q25021990
Q55276123
Q5982225
Q3089940
Q1057445
Q7694385
Q8084741
Q1508703
Q155141
Q20713
Q20715
Q20717
Q9129691
Q20327168
Q6875463
Q25044376
Q21042697
Q3447805
Q1995569
Q1755982
Q8078581
Q1359297
Q366578
Q7271681
Q16032973
Q4038001
Q25041269
Q11012671
Q6518116
Q6481055
Q455474
Q7486468
Q13412890
Q1934750
Q2072790
Q853577
Q10205922
Q55276280
Q98166833
Q6128505
Q8846454
Q410570
Q107300123
Q14440523
Q11816041
Q10518442
Q902903
Q1387481
Q1616465
Q2322228
Q2923750
Q3046493
Q334288
Q4978293
Q6174669
Q8364946
Q8364941
Q14374111
Q757604
Q258010
Q439784
Q8275088
Q8275089
Q12318823
Q8085889
Q18910374
Q227012
Q4162192
Q2191669
Q306080
Q958181
Q10212714
Q9195623
Q18467646
Q9588014
Q28974
Q2902628
Q97463043
Q4505905
Q716158
Q14440321
Q92212
Q642275
Q460806
Q6736059
Q3767570
Q8334368
Q108011418
Q3647687
Q4417654
Q9440363
Q1754592
Q5151495
Q16231693
Q20277667
Q20873229
Q10741610
Q378272
Q3709581
Q182665
Q2342571
Q335807
Q562112
Q7856067
Q8849901
Q5561750
Q56651329
Q2142601
Q76890923
Q3361558
Q3806794
Q105224815
Q4595907
Q5230144
Q180775
Q22885501
Q12716824
Q17017901
Q762248
Q2111952
Q388785
Q5205366
Q6400660
Q733373
Q9545134
Q505549
Q18998767
Q11855423
Q634747
Q55276484
Q29913195
Q60697207
Q60697208
Q60697209
Q60697210
Q60697211
Q173
Q824
Q24062585
Q24920952
Q4162222
Q7042825
Q373354
Q42904379
Q1619714
Q1722464
Q2302829
Q289606
Q517576
Q9088013
Q10708
Q304631
Q2647952
Q6347580
Q2557984
Q87588134
Q1605772
Q7428263
Q20334194
Q258498
Q3170674
Q5105330
Q4846346
Q21486223
Q20019242
Q20240922
Q20240924
Q7000286
Q20810765
Q2743409
Q16150368
Q4929723
Q646194
Q184383
Q11895838
Q1640718
Q6847148
Q192896
Q177274
Q2514778
Q16967536
Q2180708
Q1424245
Q7237940
Q7243242
Q311700
Q6305989
Q6317353
Q22885512
Q111031086
Q30594288
Q235346
Q432488
Q49734
Q506592
Q6192840
Q8848694
Q5183956
Q6321916
Q12335963
Q860050
Q449140
Q770668
Q8846836
Q109984131
Q1303534
Q928243
Q8846831
Q342805
Q1261353
Q169461
Q232015
Q237387
Q517417
Q638209
Q8616914
Q8616904
Q2248954
Q275625
Q7256263
Q1806122
Q206762
Q2641318
Q955880
Q60807490
Q13390195
Q52063029
Q11871591
Q28837095
Q11852798
Q11892961
Q16989795
Q16990114
Q16991080
Q2004336
Q31270263
Q5483503
Q10252000
Q2530415
Q3617624
Q525764
Q687651
Q5091970
Q458548
Q20326597
Q334670
Q24894186
Q4758873
Q8911116
Q1182069
Q26240814
Q62104226
Q62103294
Q2043175
Q3522152
Q5951242
Q20321715
Q7744918
Q683982
Q32732009
Q1142057
Q1516254
Q24975613
Q721330
Q18910377
Q2651797
Q2441500
Q19646603
Q7482056
Q7371697
Q102247287
Q6200093
Q12955895
Q12955912
Q4764912
Q7434068
Q7050752
Q20342141
Q4575153
Q488205
Q23894661
Q18389
Q6451957
Q2486775
Q15956155
Q109180275
Q6847325
Q49890713
Q11191562
Q11529105
Q11670891
Q699757
Q932240
Q336438
Q11232783
Q9415949
Q14387253
Q1136422
Q6347456
Q507923
Q1164808
Q313470
Q337511
Q590112
Q740877
Q8674060
Q8674058
Q25768951
Q416608
Q3709449
Q25418939
Q5934192
Q659558
Q6706815
Q7322597
Q32542226
Q364881
Q3926
Q10546652
Q42379951
Q838506
Q1351036
Q1936454
Q2165146
Q322250
Q888316
Q909786
Q8499055
Q8499045
Q3938170
Q6458865
Q2280
Q3416857
Q5108298
Q17011395
Q11867621
Q16299552
Q10164991
Q928751
Q12323545
Q4782620
Q1319904
Q1369910
Q287329
Q517584
Q8257857
Q107157524
Q4679558
Q9682972
Q3539664
Q4162230
Q2041266
Q6419479
Q925745
Q55930921
Q90765148
Q2188113
Q13412515
Q5253631
Q1239313
Q311817
Q361888
Q3675528
Q4279
Q9789181
Q3532
Q7337194
Q18998577
Q55277152
Q20367595
Q7398722
Q464955
Q5514504
Q4162156
Q6173603
Q7292353
Q79653
Q25083328
Q6713740
Q821861
Q7295379
Q3030104
Q1233832
Q1351217
Q2706308
Q344784
Q349799
Q3609235
Q3611467
Q3614176
Q3700428
Q587361
Q6467756
Q704963
Q8294546
Q918849
Q243794
Q985447
Q11854484
Q20340272
Q1561104
Q5513979
Q730416
Q7713130
Q2736922
Q852714
Q32627665
Q1362878
Q14805
Q55277182
Q2921171
Q8848574
Q9584680
Q27168
Q20370302
Q1131870
Q63183373
Q11792043
Q1327115
Q1687793
Q577975
Q5977
Q20364208
Q3244698
Q7715544
Q273407
Q273414
Q443813
Q8846448
Q8846452
Q2137237
Q543391
Q5463202
Q3511625
Q549179
Q709635
Q8794800
Q6333649
Q6387238
Q2845711
Q3194258
Q3263667
Q3293211
Q7318150
Q1702804
Q1645182
Q5334877
Q7611876
Q4162184
Q18154078
Q257764
Q744550
Q8462670
Q7332624
Q5301225
Q88594436
Q988845
Q259047
Q33389003
Q10268550
Q108273055
Q102010633
Q102006475
Q20196460
Q107274143
Q16145476
Q276436
Q7438920
Q78386936
Q49088
Q20333591
Q23651047
Q3339699
Q3395293
Q482202
Q6670574
Q6846758
Q820049
Q2081881
Q2887273
Q16363116
Q167668
Q1236671
Q46
Q2290781
Q102911
Q8850189
Q4931819
Q159992
Q851041
Q1347221
Q6217418
Q9614936
Q5574758
Q61675253
Q15493738
Q4760559
Q5417041
Q7293289
Q7428764
Q6740698
Q19921262
Q1028023
Q14407694
Q58373816
Q25043515
Q1855374
Q22958947
Q25015091
Q32542364
Q11295872
Q7229090
Q18163376
Q18162457
Q24935761
Q3316177
Q13395347
Q1378825
Q232176
Q575026
Q585646
Q18154625
Q173637
Q2256420
Q348615
Q36804
Q470609
Q8656072
Q6282671
Q11404
Q7077513
Q3029974
Q1680270
Q7855875
Q880986
Q8605606
Q17080058
Q104696055
Q2103
Q2532731
Q216936
Q19798
Q447869
Q515742
Q105835606
Q218129
Q105835626
Q192180
Q12320950
Q6404453
Q314358
Q918484
Q10523877
Q1325895
Q8410685
Q3453150
Q7624182
Q852729
Q226359
Q6490524
Q7279332
Q2302368
Q257308
Q36290
Q6694886
Q3709613
Q2185544
Q2440578
Q3434219
Q3436083
Q3436408
Q4859135
Q4950879
Q104768619
Q98400210
Q8849988
Q102285275
Q4387659
Q2062691
Q1361450
Q306277
Q307042
Q3266629
Q8577658
Q251187
Q101602
Q77840001
Q7199663
Q2750640
Q37951
Q189592
Q205380
Q15852930
Q1403225
Q2298882
Q2518990
Q3018078
Q4716735
Q516037
Q9313750
Q6370629
Q2907665
Q344318
Q1844208
Q951581
Q65624466
Q9006962
Q6814361
Q4816138
Q95595201
Q2111734
Q12554256
Q959681
Q6660510
Q1645050
Q181280
Q2312688
Q309697
Q8848427
Q8848424
Q2520441
Q527726
Q8054118
Q5547544
Q138578
Q26240949
Q60749327
Q80453
Q3352165
Q2424308
Q9864197
Q26435713
Q3051929
Q96032001
Q12771142
Q12781426
Q13409048
Q13421204
Q727430
Q825995
Q9889430
Q17146824
Q15844010
Q1194
Q16659275
Q1066800
Q1011221
Q6720887
Q4923445
Q5228987
Q6768879
Q927450
Q8302632
Q5293897
Q1289528
Q506950
Q8754890
Q8754886
Q3194193
Q2668323
Q11866717
Q40840
Q5757392
Q6846170
Q105272598
Q4633341
Q3267867
Q22877392
Q4633371
Q3723802
Q3807076
Q9152670
Q9153438
Q9188498
Q9400940
Q10334176
Q5359992
Q22078094
Q493720
Q5361514
Q6408548
Q8748260
Q17264593
Q205679
Q10793472
Q3709593
Q34166
Q363236
Q725765
Q7856097
Q985344
Q8895777
Q2338941
Q14399668
Q6801175
Q3269391
Q1051531
Q1051540
Q1053531
Q9242481
Q56342556
Q16643816
Q65925150
Q1935983
Q5245342
Q3776322
Q211870
Q9557841
Q1167005
Q704663
Q22890
Q1086351
Q1027999
Q2747227
Q7644636
Q3753713
Q7507805
Q1783775
Q546635
Q930995
Q7112858
Q28402675
Q5106592
Q6270765
Q20375503
Q48791769
Q583231
Q49878997
Q7102581
Q4162297
Q42606366
Q4364916
Q4397386
Q55817022
Q160493
Q363596
Q21166
Q8742570
Q23098
Q5689600
Q23017040
Q5182163
Q474579
Q1906958
Q3553561
Q5277899
Q2686115
Q34820
Q21005394
Q5205439
Q6770135
Q70235260
Q2170248
Q3084069
Q4540464
Q73132
Q7324506
Q6002943
Q7408449
Q1360129
Q353316
Q432421
Q984115
Q32778023
Q14907388
Q2278884
Q3260121
Q275896
Q3161864
Q5086662
Q2159893
Q55278427
Q449502
Q2859201
Q459220
Q2463948
Q7732178
Q16203835
Q97584494
Q39450
Q643677
Q6315830
Q1386535
Q4923217
Q22888105
Q11736540
Q4046274
Q55278475
Q5162074
Q19862909
Q1157200
Q3922520
Q9899
Q924335
Q119015
Q23051
Q18998726
Q10196150
Q2829142
Q3827469
Q6496365
Q3709752
Q20653742
Q27786579
Q1555414
Q275864
Q22885550
Q372438
Q435744
Q51464311
Q3476325
Q7329481
Q92478981
Q55278597
Q2634067
Q5239140
Q709470
Q367070
Q7121722
Q7339620
Q755363
Q9584702
Q3709588
Q160642
Q110263590
Q15638156
Q2579708
Q2670624
Q971888
Q17782358
Q3381546
Q3029864
Q18378108
Q3336787
Q192517
Q9516104
Q486479
Q19726033
Q4695305
Q11462
Q9939034
Q207472
Q22151
Q2331
Q207639
Q238888
Q9417184
Q1710686
Q7968602
Q44648
Q6674725
Q8908059
Q360368
Q2374721
Q2828990
Q586925
Q1132076
Q3641398
Q3760217
Q3806801
Q3934738
Q3977033
Q9516113
Q1981405
Q1989767
Q322129
Q90414790
Q7446776
Q1394701
Q18737469
Q213942
Q8197135
Q1073478
Q7859885
Q3552816
Q342856
Q105771357
Q107126
Q2737528
Q24571919
Q1170564
Q5560405
Q6204768
Q6667725
Q325389
Q3296706
Q14915668
Q457330
Q6688915
Q7596036
Q14333929
Q1194456
Q7745031
Q451958
Q8357655
Q65560598
Q51319
Q10504696
Q1355924
Q8261652
Q17748369
Q3201682
Q2084377
Q55635490
Q60807835
Q49191
Q323414
Q7814932
Q1000679
Q5094167
Q424423
Q6410761
Q6184503
Q8782491
Q17370913
Q3709558
Q55287493
Q7767135
Q7381821
Q233833
Q17370814
Q552608
Q2189371
Q1586188
Q51088633
Q7814573
Q730490
Q179444
Q215565
Q3338373
Q1849235
Q4881903
Q17996704
Q9022
Q311382
Q20923442
Q3615839
Q1243
Q5517391
Q795012
Q1151260
Q3709454
Q27835132
Q3615712
Q3737749
Q3756954
Q3767931
Q3935059
Q3938720
Q3938776
Q9276538
Q28372398
Q28372478
Q1604809
Q1410
Q28021392
Q63381362
Q16105757
Q4960755
Q22882176
Q3147706
Q288
Q10603419
Q1738793
Q632992
Q1072622
Q190243
Q428223
Q485490
Q6363699
Q94645313
Q16939341
Q11036
Q15228
Q192133
Q204092
Q215983
Q712586
Q192023
Q201940
Q7486600
Q2959333
Q5170044
Q5026311
Q2485489
Q16981480
Q16987762
Q2701454
Q749583
Q259850
Q8306928
Q2406337
Q3546424
Q9420228
Q18538499
Q98187824
Q11228275
Q11231500
Q5112025
Q3575095
Q19850489
Q98123953
Q458337
Q613471
Q99731874
Q25012524
Q1677162
Q18378780
Q20631670
Q110751122
Q1990099
Q4291318
Q694081
Q3388814
Q7963370
Q1461
Q36834
Q3558022
Q1953
Q16222281
Q5129761
Q20375055
Q13407947
Q282877
Q6249047
Q6846333
Q10621004
Q13476175
Q14508734
Q5413851
Q1087534
Q12745374
Q15631112
Q1754139
Q252040
Q526120
Q71291067
Q724517
Q726546
Q727296
Q770711
Q927469
Q8602379
Q9008647
Q418596
Q4653585
Q33111
Q14112
Q55288000
Q311238
Q4392731
Q442942
Q7806861
Q2026633
Q362886
Q97584408
Q1839517
Q7299914
Q20366485
Q2140168
Q18393947
Q60968923
Q69816252
Q69819294
Q199440
Q20316998
Q1356798
Q3328732
Q81182
Q18680086
Q85918168
Q103717
Q1242441
Q2745589
Q4668383
Q2591175
Q7236040
Q5537420
Q18003
Q313529
Q560716
Q4658401
Q546319
Q1835895
Q390590
Q976882
Q6724928
Q469630
Q6452295
Q1504121
Q1989904
Q24283125
Q4148184
Q4244816
Q4258655
Q4441705
Q4494464
Q9457990
Q236125
Q2310883
Q1686351
Q778
Q111051514
Q443837
Q163072
Q18384705
Q2337802
Q4890167
Q5651086
Q2414631
Q5146
Q10726843
Q331055
Q2723881
Q7855989
Q7998166
Q2454407
Q5562799
Q4909875
Q13628631
Q25060179
Q8299430
Q28372536
Q13561705
Q5296339
Q6208042
Q5286420
Q7667850
Q6986934
Q361677
Q5927139
Q1127420
Q41539830
Q6828571
Q10295381
Q468072
Q7491636
Q7203103
Q4752472
Q8765923
Q8765920
Q930592
Q8092613
Q776031
Q19860389
Q2301574
Q2603303
Q468692
Q86315536
Q9149638
Q4355988
Q6306265
Q707084
Q3434894
Q709698
Q10439289
Q1825587
Q382244
Q382250
Q44707
Q44841
Q8591104
Q5378827
Q5011971
Q1134073
Q2503485
Q18649132
Q1225141
Q4912504
Q1509
Q7321915
Q107178503
Q107178509
Q107178821
Q107178855
Q107303495
Q869661
Q966396
Q5229100
Q96246739
Q96246776
Q96246808
Q16727642
Q108128246
Q1689093
Q4942298
Q6795953
Q21262037
Q64364614
Q4964296
Q64364681
Q6531825
Q8021426
Q49881190
Q1929919
Q4708432
Q19668009
Q5213480
Q6694743
Q23106
Q5229888
Q65936391
Q28403611
Q1973145
Q1143278
Q11218
Q7131069
Q34804
Q451075
Q6675957
Q125272
Q1269729
Q2663658
Q72278892
Q6389203
Q1236446
Q55063293
Q3453185
Q98119365
Q98141593
Q7176384
Q821105
Q871265
Q3521216
Q5515080
Q261341
Q5115485
Q5526080
Q806874
Q5982351
Q18345551
Q106558881
Q961336
Q79240716
Q700423
Q5507143
Q1764148
Q9020822
Q20252698
Q11882806
Q3495204
Q106377752
Q47546700
Q726369
Q2644303
Q983698
Q201127
Q7852663
Q6788673
Q536276
Q2293124
Q507517
Q22490895
Q2854467
Q46499445
Q46499877
Q46500464
Q56404384
Q28864836
Q28864838
Q7651466
Q203185
Q4028
Q455605
Q68818594
Q887941
Q1013261
Q2362394
Q5420707
Q6688554
Q104813322
Q367129
Q49879473
Q712880
Q6432589
Q7611858
Q9358252
Q2910026
Q238822
Q721963
Q501766
Q109224668
Q1069687
Q7773196
Q704257
Q8850364
Q16732434
Q5693973
Q7383135
Q17030619
Q55215770
Q78
Q64116
Q6769683
Q4927139
Q342447
Q320514
Q4356235
Q24060189
Q160687
Q9541208
Q10411179
Q3369727
Q5614865
Q5798875
Q6019166
Q6193150
Q2471688
Q679682
Q11447445
Q8055974
Q981525
Q4067190
Q130232
Q4216448
Q7323734
Q39059
Q7809846
Q24979141
Q3360185
Q1739034
Q2960819
Q59529654
Q63621558
Q10288953
Q2920425
Q32328603
Q32536262
Q6306853
Q16629076
Q32010367
Q321169
Q2331094
Q27588768
Q103651
Q19665809
Q885977
Q57954588
Q16958460
Q1977603
Q465281
Q488352
Q8000237
Q65625309
Q1517628
Q5532305
Q9859
Q17049043
Q986200
Q1086876
Q703264
Q4994419
Q374868
Q25068013
Q233342
Q25004434
Q94950387
Q20339967
Q366675
Q11865984
Q1106350
Q574889
Q22886781
Q17523938
Q55653181
Q55653270
Q130274
Q1179902
Q5212814
Q547166
Q7390241
Q7811817
Q18162364
Q399890
Q335788
Q52521128
Q6739993
Q2575825
Q9989676
Q580169
Q40251
Q4889195
Q1062702
Q10846275
Q608862
Q552622
Q405
Q14397060
Q2217675
Q6703592
Q1049686
Q1335159
Q2543537
Q550333
Q981526
Q9422513
Q8606669
Q3121396
Q8963256
Q105316701
Q3180209
Q47344784
Q16575965
Q186363
Q27920
Q2330998
Q2741803
Q10176693
Q2480850
Q5456209
Q6109351
Q8460785
Q4162169
Q3675573
Q432743
Q5866024
Q8330068
Q16659673
Q110716705
Q90982
Q25802095
Q10357894
Q15128426
Q10373420
Q1579932
Q3837943
Q4766806
Q17100737
Q987745
Q29969137
Q5509733
Q1517060
Q105871536
Q443007
Q1192110
Q1010673
Q980297
Q25915457
Q320325
Q4867060
Q489643
Q2820029
Q4045091
Q4086751
Q170513
Q53844726
Q7457859
Q7815713
Q795586
Q7576915
Q105826783
Q51973630
Q600614
Q9424893
Q1545
Q6197385
Q221162
Q111052644
Q18997203
Q11859679
Q100983721
Q5540624
Q5819482
Q5895542
Q5898115
Q9918532
Q9918467
Q1369539
Q2301434
Q4038090
Q1302516
Q424426
Q96886928
Q193638
Q6768345
Q14440488
Q4353698
Q6311036
Q9190911
Q24242093
Q7908434
Q4717926
Q4761543
Q12035268
Q12035793
Q12037173
Q96475587
Q12019028
Q9582554
Q18844358
Q19373938
Q110629402
Q7649138
Q6193701
Q8345260
Q11442
Q486306
Q5458637
Q16820382
Q20526408
Q104528408
Q1280814
Q271371
Q284245
Q3395313
Q3508691
Q60236459
Q314087
Q38138
Q3841616
Q38435
Q8085071
Q903840
Q154852
Q155687
Q165644
Q45520
Q57168
Q77040
Q7855934
Q7780046
Q9250220
Q5318711
Q2738113
Q524732
Q383016
Q11811944
Q2328185
Q1043430
Q273049
Q3046413
Q324359
Q3291183
Q409
Q441203
Q443164
Q450423
Q462257
Q4738028
Q5163788
Q5294646
Q641269
Q710588
Q761938
Q770702
Q8850369
Q2819807
Q9558549
Q179645
Q1354082
Q486704
Q5042301
Q5042444
Q5394111
Q5550283
Q6278318
Q6757896
Q8353654
Q8587516
Q5378995
Q331731
Q256813
Q933084
Q7488736
Q14145518
Q2049494
Q2916769
Q8735250
Q214777
Q2500354
Q9089614
Q2574562
Q4980278
Q3514059
Q1282467
Q3438119
Q98277194
Q1705214
Q471811
Q96404883
Q13359809
Q743725
Q513485
Q1634784
Q18218142
Q1928872
Q313813
Q313875
Q315199
Q316136
Q318514
Q6167323
Q8752068
Q124179
Q133151
Q1412298
Q180880
Q207197
Q272239
Q311785
Q332032
Q622947
Q72092
Q741836
Q80304
Q803876
Q8752052
Q108024456
Q105338000
Q13363011
Q1956250
Q2605365
Q6385972
Q223840
Q1480097
Q14545101
Q2336150
Q257831
Q25915493
Q110702448
Q110702822
Q5612008
Q5734611
Q6237941
Q3603063
Q5240855
Q31677056
Q7974410
Q22137996
Q22137997
Q911966
Q918195
Q7852732
Q7426484
Q2898402
Q4052332
Q63343653
Q341364
Q2546713
Q9654279
Q2685641
Q595529
Q8717
Q6308142
Q729248
Q7714028
Q16217277
Q4586663
Q4908812
Q5107403
Q5107685
Q5760821
Q6196849
Q6239279
Q26515
Q20355922
Q54356
Q2411549
Q20744089
Q9563861
Q17294077
Q3646008
Q8750071
Q1166218
Q2423624
Q1247848
Q1357098
Q19295036
Q15457401
Q15457403
Q15650416
Q12377526
Q1375381
Q24285895
Q6109633
Q6787390
Q6463380
Q4898166
Q5675602
Q7159591
Q314673
Q1184769
Q18996738
Q90413513
Q11866107
Q11866897
Q11887535
Q11898567
Q16989471
Q16990437
Q5412054
Q594191
Q20918834
Q9842654
Q7282360
Q3934
Q18426
Q2919860
Q104728983
Q63968153
Q8773013
Q16225299
Q5944599
Q17103114
Q12772975
Q28913263
Q4180996
Q454103
Q6063353
Q81168756
Q65625416
Q10082192
Q9041286
Q17501882
Q8898266
Q7643130
Q6722319
Q20338009
Q3196781
Q4760584
Q95433260
Q21438233
Q16233665
Q5086117
Q2852682
Q1345210
Q3123955
Q3166076
Q3174564
Q558260
Q1048576
Q12338994
Q2118269
Q11285682
Q30580160
Q523880
Q937267
Q2268922
Q7577360
Q2879632
Q3348879
Q3405192
Q83407
Q7128419
Q97460050
Q10963402
Q18425449
Q1660627
Q1779007
Q27849249
Q317488
Q3240742
Q3434247
Q360781
Q380316
Q547835
Q9447715
Q7779983
Q8026747
Q7365541
Q285599
Q4681991
Q16222161
Q1166197
Q52416839
Q14334335
Q6688661
Q1138837
Q9415193
Q156139
Q84125
Q379033
Q150916
Q10514256
Q250129
Q295153
Q310098
Q310975
Q342924
Q7182576
Q8304731
Q1013228
Q8304747
Q75437
Q19006943
Q10612964
Q195051
Q4536718
Q20375182
Q15701
Q8935428
Q17149996
Q13542011
Q7582513
Q188973
Q21141611
Q496929
Q13198
Q17070
Q3105827
Q21092
Q19719554
Q15116528
Q19832545
Q20684243
Q3101707
Q533781
Q32372579
Q4943528
Q4965456
Q79728
Q10851759
Q9072
Q2589477
Q55438560
Q11867740
Q11868036
Q11886982
Q11887700
Q11890453
Q11896788
Q16299812
Q16299948
Q5398552
Q6008397
Q2923751
Q1484342
Q4652769
Q2520362
Q6012600
Q3599691
Q4919209
Q4642973
Q7801262
Q6838100
Q102037502
Q12320237
Q16323571
Q47001133
Q65677556
Q2484080
Q8751942
Q2087498
Q216271
Q1216
Q156049
Q106976461
Q2283005
Q16199160
Q21130152
Q476983
Q11771109
Q20408556
Q23984540
Q32551867
Q232214
Q124739
Q18161349
Q1642628
Q106472507
Q7499559
Q8062147
Q745741
Q34065
Q2686494
Q84993125
Q2836058
Q3147520
Q3194598
Q84984046
Q84984059
Q85610824
Q55290191
Q456180
Q12003654
Q5909848
Q11968907
Q12004206
Q1368522
Q44122886
Q83704751
Q6462404
Q2148236
Q428347
Q7443978
Q212070
Q588632
Q11886802
Q11894300
Q16299749
Q489000
Q8057870
Q5518634
Q1283402
Q1429960
Q2074168
Q99688760
Q9123534
Q6837302
Q3504868
Q403889
Q623687
Q1995980
Q28864631
Q65319878
Q2402933
Q3009887
Q3591084
Q12193
Q436016
Q14333953
Q97626308
Q9413639
Q3163340
Q8030395
Q3718
Q108666911
Q108675789
Q48833120
Q525714
Q10220323
Q457977
Q16965294
Q499196
Q2916224
Q11043571
Q5198493
Q9016238
Q9676520
Q4048193
Q110018523
Q4112948
Q4192591
Q4495279
Q4528204
Q9430218
Q10950001
Q5373941
Q386992
Q6227527
Q4582106
Q5630013
Q6040628
Q59779846
Q6212175
Q106105970
Q106058221
Q2511889
Q3252834
Q4918556
Q7819150
Q368241
Q16580849
Q3869170
Q3030003
Q1324255
Q1350102
Q546237
Q589944
Q11721543
Q9034715
Q55290440
Q3272899
Q2894765
Q5236555
Q15117480
Q15363385
Q4934774
Q6347044
Q812796
Q8898123
Q108944535
Q5191919
Q18880440
Q5815632
Q91248415
Q281881
Q101240868
Q9714642
Q234061
Q1187047
Q348303
Q9823207
Q2548921
Q6164900
Q7968351
Q385389
Q14317
Q8170973
Q20327353
Q746801
Q2868710
Q2986623
Q8761723
Q722240
Q21056523
Q2617377
Q5124992
Q379400
Q52447
Q5571095
Q188668
Q9537574
Q2924425
Q5150797
Q9413515
Q16984629
Q5304416
Q17020152
Q8502728
Q6116519
Q164119
Q60988096
Q76283812
Q79812099
Q79812164
Q79812218
Q34221
Q2004510
Q3181921
Q6795918
Q2113794
Q6275474
Q2551540
Q10741681
Q522365
Q2456711
Q530377
Q9536085
Q7400632
Q2948
Q5681266
Q1681367
Q55290703
Q15391401
Q3709462
Q8981928
Q25286
Q5300703
Q813376
Q5106083
Q6267184
Q19874711
Q20377317
Q3288729
Q3751889
Q7703265
Q14915765
Q102102567
Q102098600
Q6200267
Q79875
Q11368252
Q115385
Q5996549
Q124008
Q1777864
Q3018511
Q471093
Q10038108
Q3290395
Q92793574
Q36392
Q269951
Q4157749
Q6397461
Q15526782
Q16012872
Q16150177
Q16195968
Q16196316
Q48862233
Q6718960
Q109968764
Q1791140
Q362005
Q3696489
Q84371534
Q1185463
Q3817290
Q6441623
Q9290085
Q6265422
Q30174535
Q4357756
Q1414221
Q136485
Q48767534
Q13412265
Q14508789
Q1365803
Q1794850
Q4572636
Q4572658
Q9584590
Q17125755
Q9686922
Q20376481
Q5229854
Q222628
Q282925
Q8795701
Q3551256
Q5706615
Q84189443
Q7026787
Q7020939
Q1124061
Q7919315
Q4785896
Q6660119
Q7441470
Q8472490
Q378477
Q6714026
Q3499174
Q349127
Q8295265
Q8988588
Q10185394
Q525775
Q9950157
Q250299
Q11175991
Q6373943
Q2480239
Q287676
Q8571134
Q14318
Q571213
Q63809022
Q25742561
Q11942602
Q4895264
Q52158004
Q110206605
Q4895645
Q1367152
Q3110913
Q9056991
Q8828
Q23052918
Q110656122
Q4885096
Q5950300
Q6168388
Q32356801
Q25457
Q16004965
Q1291701
Q20371940
Q1753057
Q26253142
Q5323512
Q8071776
Q199418
Q243113
Q437049
Q468677
Q1374678
Q17100709
Q179157
Q1156982
Q22880725
Q17150539
Q17150551
Q6347347
Q3110621
Q3576985
Q922765
Q1880
Q6272751
Q3524702
Q2892832
Q108874491
Q18155774
Q28549437
Q513788
Q247429
Q77143
Q7483236
Q2456019
Q2832134
Q2624743
Q2026288
Q110765149
Q235084
Q2850572
Q13267017
Q4822093
Q9783330
Q7384356
Q9337270
Q1092837
Q5927272
Q14334145
Q240144
Q2340330
Q2604280
Q2846128
Q350481
Q358640
Q360855
Q462191
Q6086246
Q9447695
Q8971370
Q16916427
Q193305
Q6347154
Q596012
Q6225697
Q14649
Q17100588
Q430267
Q5194640
Q6007632
Q3441783
Q14386349
Q1278989
Q956208
Q8465718
Q23014029
Q4873231
Q880314
Q4889917
Q107062324
Q5229365
Q909993
Q24854627
Q31022304
Q22820111
Q1041744
Q10855013
Q11409324
Q11460628
Q11461472
Q11501224
Q11534903
Q11587601
Q3544087
Q52982829
Q17435473
Q16170018
Q5484849
Q98405059
Q18167644
Q3030366
Q3277531
Q2701249
Q1685482
Q7758655
Q4739663
Q7323276
Q4048367
Q7229050
Q261277
Q15960857
Q15617884
Q16561446
Q17037439
Q3935797
Q455827
Q6306428
Q7449937
Q1268195
Q7177026
Q4646217
Q16214462
Q356109
Q5307215
Q5357053
Q1153370
Q1291981
Q1370588
Q152066
Q212464
Q327344
Q344983
Q420023
Q651231
Q8214118
Q70577
Q3709456
Q2942
Q7886903
Q6517037
Q106435768
Q14334571
Q7131056
Q1047474
Q8712701
Q9614449
Q27990409
Q13468482
Q3709477
Q3643492
Q7309925
Q14334101
Q5507248
Q2640127
Q939445
Q66916326
Q110751737
Q25419715
Q1007079
Q30969039
Q2462645
Q4038543
Q3855185
Q30076653
Q30076480
Q1490170
Q20333486
Q16214474
Q6174450
Q957289
Q49890098
Q10154832
Q184090
Q20334243
Q55840177
Q1398397
Q5503015
Q14387841
Q2530683
Q1368589
Q23933700
Q3809866
Q437324
Q491115
Q63139135
Q926455
Q938315
Q8906519
Q8179722
Q17331713
Q9641291
Q3809306
Q2264739
Q76524
Q13314484
Q217441
Q4648972
Q3435700
Q8217101
Q706756
Q2427366
Q5563125
Q4669861
Q848852
Q224085
Q11917335
Q1041260
Q1045223
Q1092200
Q3113487
Q8345290
Q859902
Q9182008
Q21198552
Q9414601
Q2479
Q5281021
Q25041003
Q17103606
Q24927946
Q19897862
Q18415477
Q28598559
Q7357291
Q235907
Q16218843
Q1419737
Q8476562
Q110822678
Q2898332
Q2977162
Q3426649
Q3456184
Q3591003
Q13328831
Q4640483
Q5166352
Q6118337
Q822462
Q54140
Q9624170
Q6692319
Q102432615
Q62085990
Q3441410
Q7971173
Q90921954
Q21400463
Q312743
Q6680154
Q4765206
Q28368754
Q4833949
Q1960123
Q3866810
Q1951433
Q24879
Q7832886
Q2713723
Q71238709
Q22821252
Q787391
Q4390945
Q111076730
Q20918830
Q9748320
Q111098
Q1058492
Q7086686
Q32577128
Q63347524
Q7739958
Q8848149
Q14405498
Q12390251
Q6304923
Q10973952
Q6347105
Q8363357
Q8363353
Q7887301
Q11326248
Q7678325
Q3311405
Q6319357
Q110919
Q1580631
Q3024008
Q710020
Q1726731
Q4038466
Q4047830
Q111096025
Q1958166
Q9427429
Q3066165
Q6863164
Q98973619
Q17514470
Q119465
Q713496
Q8343793
Q8918647
Q63372596
Q2942052
Q63344166
Q455762
Q11721757
Q50484620
Q797231
Q18716417
Q6317995
Q20314154
Q9650699
Q3893931
Q4672975
Q23654007
Q5604605
Q24006989
Q54262500
Q99533759
Q99533893
Q12058818
Q108710618
Q61059067
Q2159619
Q9558370
Q4778168
Q6159263
Q745989
Q17016252
Q205905
Q2997058
Q11868002
Q11898118
Q7305106
Q726280
Q25090356
Q100454373
Q100454376
Q104013218
Q3546796
Q3547926
Q11261340
Q11290848
Q11491231
Q11590403
Q286874
Q17371090
Q6777811
Q6895592
Q9415088
Q1453295
Q743585
Q624552
Q9422796
Q111333223
Q9539637
Q17093965
Q5518591
Q6563562
Q5387251
Q3149595
Q1608138
Q310166
Q9778195
Q2115073
Q315417
Q2322651
Q108524931
Q2165958
Q3108660
Q324553
Q6385068
Q9441656
Q10269144
Q191092
Q7694177
Q16514377
Q1962734
Q1154222
Q4962260
Q2448147
Q891723
Q746359
Q5583394
Q710547
Q30865644
Q7645008
Q25384884
Q26695
Q83941321
Q8394221
Q79718
Q6209678
Q4824053
Q7518279
Q1413210
Q8276204
Q224604
Q106765735
Q1608646
Q2566660
Q3180835
Q201149
Q800080
Q3325211
Q2166721
Q985617
Q8848136
Q1175745
Q110251191
Q7070760
Q3703326
Q23701
Q2618737
Q297548
Q430134
Q6314039
Q7532877
Q6701922
Q6812798
Q10162
Q21574164
Q56517330
Q16697853
Q1077821
Q5692463
Q5799972
Q13260823
Q9551018
Q7558495
Q3783896
Q110404823
Q841304
Q17100424
Q1356539
Q4005789
Q16551
Q3189184
Q5759224
Q3238266
Q1026089
Q3308157
Q70731987
Q10313349
Q10374118
Q3276518
Q3631323
Q973666
Q158895
Q29915166
Q8296945
Q1531492
Q4647091
Q22791274
Q2837811
Q311842
Q9800158
Q102349510
Q69663306
Q69663408
Q758624
Q10132798
Q22883180
Q4162217
Q2355882
Q3365170
Q8817865
Q27623684
Q1277592
Q13634214
Q1028601
Q108395461
Q1295870
Q7287720
Q746618
Q8396597
Q10381617
Q6812913
Q482855
Q483158
Q494816
Q1076831
Q4904876
Q4905929
Q7292481
Q320895
Q810
Q7902953
Q152406
Q1784106
Q2837248
Q3428483
Q4023424
Q1629922
Q7402272
Q6772070
Q6721471
Q16984624
Q7332490
Q9228558
Q3148287
Q1227
Q3370163
Q6848339
Q63827307
Q1023948
Q1702296
Q632973
Q16984868
Q25712705
Q20377403
Q474627
Q3177507
Q486263
Q12406430
Q4414066
Q7845443
Q4909264
Q202319
Q32591093
Q266676
Q3048563
Q13348800
Q3347384
Q85871261
Q4790747
Q11326705
Q19957905
Q19957935
Q19958043
Q19958081
Q292771
Q7790417
Q9509998
Q9435608
Q113376
Q9288
Q111280049
Q9510655
Q19957206
Q6373161
Q7049007
Q7056408
Q6666465
Q835680
Q338498
Q431496
Q513006
Q837105
Q8217454
Q3046801
Q4977047
Q5040135
Q2872013
Q3507341
Q422515
Q280414
Q70733918
Q1782406
Q6253980
Q209915
Q18844367
Q4574114
Q110627237
Q2850741
Q17091024
Q5204628
Q364884
Q844012
Q8358781
Q2848386
Q17114055
Q576373
Q5249282
Q40269
Q9562664
Q5395355
Q5994119
Q6174910
Q15699
Q30902501
Q6347063
Q6173699
Q25916060
Q2639210
Q7752440
Q1491729
Q100324054
Q586110
Q40236
Q926713
Q10129482
Q839029
Q502990
Q4345451
Q1798241
Q1781796
Q90380
Q6676299
Q250965
Q5190314
Q4729942
Q5066329
Q8235530
Q2204714
Q988515
Q2311609
Q6199991
Q7799631
Q5095693
Q1378684
Q2634190
Q27230376
Q49975425
Q559502
Q227
Q12838571
Q9248
Q101531324
Q11979732
Q1778346
Q7082890
Q11787755
Q21139128
Q4927211
Q7247732
Q3943058
Q404916
Q2384433
Q2388999
Q24356
Q5347032
Q223883
Q64910058
Q20191479
Q6685549
Q20316530
Q17582700
Q23762787
Q619540
Q9413695
Q5429214
Q3257166
Q3473346
Q3536177
Q61986
Q105942414
Q1890098
Q163775
Q6462212
Q2719078
Q6314101
Q6314102
Q22885115
Q8075811
Q103217
Q19858607
Q1925796
Q2746371
Q1873442
Q7499226
Q4661928
Q6666410
Q28047
Q973825
Q6163251
Q23111
Q785
Q1386443
Q231880
Q5745102
Q4566173
Q3241371
Q6666452
Q13410547
Q14865702
Q13243086
Q16240648
Q6848741
Q7153202
Q9732841
Q4796656
Q10321671
Q9517368
Q4658767
Q1340415
Q2350322
Q266006
Q433617
Q8217988
Q8874521
Q17198684
Q16101
Q7366102
Q20331223
Q110832635
Q4659566
Q852647
Q9517390
Q300582
Q89590154
Q852721
Q6666605
Q4660299
Q1370892
Q3063003
Q579206
Q1041284
Q1062097
Q1090876
Q27818866
Q3988117
Q631450
Q16777562
Q7976530
Q211867
Q5584004
Q25750868
Q294017
Q19655341
Q12313716
Q12315303
Q12337883
Q7606609
Q15972844
Q22733672
Q641445
Q22956404
Q108604119
Q15125833
Q16324115
Q99730956
Q21817324
Q17370457
Q3875178
Q5263714
Q177111
Q8374959
Q568610
Q8374954
Q5699304
Q2006571
Q9064930
Q21817345
Q5244908
Q5244356
Q3018580
Q16222418
Q65089257
Q18149873
Q41154495
Q1958892
Q20193442
Q2069679
Q5066151
Q5101399
Q2644347
Q7817910
Q105840334
Q56064313
Q20684213
Q1642680
Q5505132
Q6061836
Q1181118
Q26761747
Q324882
Q863128
Q6409294
Q2941186
Q5359742
Q2563708
Q179385
Q538485
Q43416
Q7347286
Q11853803
Q18689182
Q52084068
Q5350617
Q64144599
Q52999
Q1149840
Q105823
Q1011620
Q14624300
Q4758531
Q32532022
Q2581787
Q138311
Q22820072
Q23048336
Q9418080
Q3327225
Q108011329
Q22123044
Q10898244
Q11234693
Q11258051
Q11263808
Q11278238
Q11344263
Q11345813
Q11388757
Q11402252
Q11402302
Q11422853
Q11425179
Q11450468
Q11451240
Q11459042
Q11466200
Q11466851
Q11478728
Q11478733
Q11485846
Q11498364
Q11517394
Q11521767
Q11535911
Q11537080
Q11537390
Q11537747
Q11538198
Q11548797
Q11548970
Q11549883
Q11550191
Q11561826
Q11563972
Q11594435
Q11603565
Q11606646
Q11608221
Q11608858
Q11614708
Q11615189
Q11623946
Q11646645
Q1319455
Q16770405
Q233354
Q2426408
Q287027
Q35429
Q3548210
Q4922697
Q5359250
Q5361650
Q5675869
Q576776
Q5957616
Q6124253
Q6129903
Q8914818
Q8976570
Q9072377
Q9098837
Q9104433
Q9116560
Q9130282
Q9187796
Q9188785
Q9190345
Q9211522
Q9296566
Q9299825
Q9300043
Q9317391
Q9372529
Q937359
Q9650604
Q5057050
Q16150442
Q111399115
Q2832459
Q9656559
Q16185487
Q4732851
Q11993041
Q16301128
Q17478330
Q456596
Q49319
Q2210490
Q7841729
Q525716
Q509552
Q7517300
Q505529
Q6347640
Q5936052
Q204245
Q6339153
Q3523206
Q1020
Q17489201
Q3032451
Q59166015
Q962590
Q15292735
Q32595651
Q7513317
Q9223157
Q2932658
Q108800158
Q784
Q3121838
Q3030095
Q1042100
Q1058548
Q307175
Q782388
Q9427247
Q16024685
Q1165565
Q1149764
Q4706187
Q5078063
Q7880
Q2978158
Q5737029
Q5401868
Q169943
Q3522912
Q680984
Q3511897
Q314343
Q357851
Q238298
Q102260203
Q266347
Q3106803
Q311193
Q55958985
Q10853270
Q5787719
Q6252502
Q101016354
Q3814002
Q96072230
Q1071961
Q3110911
Q10307546
Q7376874
Q7937090
Q54106
Q538603
Q364832
Q48796566
Q20061556
Q5230379
Q188897
Q45175
Q56685863
Q1166726
Q3300067
Q5259465
Q22894080
Q1136587
Q66102
Q75189
Q75431
Q9026669
Q1189112
Q3301766
Q17150865
Q6453923
Q2272537
Q55295043
Q532133
Q28361812
Q28361855
Q200078
Q443065
Q32549826
Q20376788
Q18690251
Q4410346
Q1368139
Q12344841
Q13134614
Q2914672
Q16957703
Q130798
Q152632
Q168633
Q3449364
Q919701
Q3499796
Q189936
Q298668
Q301515
Q311244
Q4042182
Q6060
Q8476515
Q8476508
Q2707384
Q98209198
Q4749178
Q10036954
Q7532707
Q287059
Q2749927
Q5186037
Q1581
Q54850616
Q5835716
Q66566379
Q66779647
Q3815668
Q5783
Q6274492
Q25729514
Q21170773
Q28760648
Q10952087
Q29000629
Q569122
Q8641049
Q7576176
Q2346484
Q17344760
Q19278018
Q20419932
Q3214273
Q85681729
Q85681746
Q7903
Q43783182
Q2411831
Q5423156
Q2395308
Q29915124
Q21647557
Q101559114
Q17128139
Q30598620
Q6009400
Q7091587
Q16221644
Q561596
Q310752
Q10092310
Q15989552
Q128891
Q3161191
Q6129320
Q743958
Q20367433
Q2724408
Q3746266
Q24059315
Q2842161
Q13319186
Q6826021
Q16242446
Q8576859
Q6776485
Q178093
Q17135175
Q6496400
Q63429165
Q2428968
Q2677738
Q524186
Q561873
Q709857
Q52737849
Q5750464
Q6167846
Q9071012
Q6292897
Q5113007
Q210628
Q17102000
Q5003539
Q5610350
Q5669970
Q2857728
Q6162157
Q11312231
Q11321442
Q11342188
Q11413447
Q11557347
Q11557406
Q3573157
Q11330955
Q3520996
Q5520659
Q6900790
Q18717446
Q402226
Q6347327
Q11990385
Q11992261
Q18844657
Q18881357
Q5706972
Q11961363
Q16903440
Q17096347
Q28717974
Q6491547
Q10048312
Q3644779
Q840437
Q3323858
Q3560789
Q3029958
Q2846471
Q3180757
Q3302732
Q90760
Q7804726
Q108696253
Q4760888
Q7382600
Q7804186
Q6491613
Q100399903
Q11983271
Q12004329
Q6491619
Q7379823
Q8079327
Q8079333
Q9885179
Q24057741
Q3906190
Q4162201
Q354654
Q9519961
Q8635160
Q2447563
Q943241
Q7078788
Q6395780
Q8692006
Q4430666
Q97012912
Q8033228
Q10650845
Q11714115
Q323151
Q3052712
Q9853704
Q7516810
Q6389584
Q10229085
Q4802293
Q19862988
Q19862989
Q1989
Q7441294
Q18094
Q1154245
Q3266796
Q17009312
Q3397299
Q20337177
Q10350092
Q175
Q32535220
Q6702384
Q2166359
Q447962
Q853552
Q28045566
Q3454663
Q907799
Q940696
Q3541062
Q2080533
Q207898
Q340331
Q28447013
Q6120828
Q725562
Q16866410
Q1568465
Q1154202
Q1274944
Q3517075
Q5127623
Q9417050
Q361516
Q1429968
Q9092629
Q3566715
Q2205546
Q3040166
Q1668756
Q42168
Q3422697
Q22717241
Q9855347
Q81967657
Q3414981
Q14375259
Q56376067
Q1493985
Q8857555
Q8857542
Q28449738
Q2749
Q2861
Q134968
Q7193362
Q32004430
Q313378
Q7819508
Q691047
Q700133
Q1201
Q726092
Q1074078
Q11376039
Q38278177
Q18744155
Q3393103
Q99151
Q17253508
Q100756472
Q12329096
Q21817303
Q159656
Q1717134
Q826929
Q2132
Q3371422
Q1531964
Q280657
Q504658
Q968070
Q11988023
Q6748516
Q123870
Q8605297
Q8605280
Q2638175
Q13413788
Q211742
Q1588961
Q1173284
Q281400
Q352452
Q9011094
Q35581
Q1515757
Q106567754
Q1677281
Q49883027
Q990145
Q32004544
Q61025017
Q16659676
Q74084450
Q74091374
Q74096016
Q1006
Q290512
Q2779306
Q20084129
Q1730388
Q4317892
Q105696422
Q15061467
Q4234388
Q4302572
Q52531480
Q10530878
Q3064652
Q62085864
Q1163357
Q1381363
Q1768557
Q222071
Q2625611
Q439445
Q523589
Q5246357
Q8442877
Q8442872
Q9138229
Q11882630
Q16299972
Q33524365
Q3737539
Q402888
Q3011757
Q3049640
Q6666954
Q23925787
Q11244966
Q11475794
Q11534687
Q187553
Q1398607
Q2079
Q14407297
Q6964821
Q2670413
Q732653
Q981856
Q8662771
Q9035348
Q657122
Q3452350
Q4878874
Q107288718
Q20751721
Q98605486
Q5319224
Q1320403
Q7746509
Q2052282
Q4356924
Q1336275
Q955323
Q8438557
Q8923246
Q1401022
Q6794041
Q223685
Q7342410
Q6347419
Q17325861
Q24200815
Q77006
Q6667032
Q204547
Q55296933
Q13498
Q39179171
Q3030098
Q3047356
Q3591163
Q7238912
Q4668659
Q56273936
Q2744865
Q19709936
Q19972012
Q6275857
Q7121510
Q7822934
Q110579
Q1431331
Q581378
Q67315
Q104534604
Q104534771
Q104536402
Q56702012
Q3156824
Q3164778
Q3395399
Q23746098
Q288810
Q17537077
Q18021135
Q2296195
Q19277938
Q20183587
Q13451559
Q7525537
Q47878
Q8748038
Q4761046
Q4973686
Q4973690
Q19968737
Q3922159
Q1003060
Q104650077
Q18694173
Q99684447
Q99701187
Q99703231
Q9596993
Q4725604
Q108990497
Q5386067
Q10518396
Q5245118
Q40580
Q552479
Q9632968
Q6496560
Q48699181
Q2824738
Q6480104
Q9033038
Q170539
Q1676235
Q6867212
Q6091523
Q3354461
Q72
Q9596101
Q800
Q4666568
Q3070
Q22888845
Q9160379
Q588237
Q104725
Q14334278
Q12805664
Q294499
Q822984
Q101168205
Q1266300
Q4096241
Q4130952
Q4321850
Q4492506
Q4526444
Q4537681
Q15925
Q8996763
Q2745130
Q9371062
Q16887100
Q5129177
Q7407402
Q1412554
Q28127555
Q3986236
Q5282899
Q5283070
Q5553994
Q5880344
Q5975787
Q6691745
Q7301206
Q7773968
Q7612400
Q7537030
Q2883292
Q7380760
Q341395
Q15438348
Q3825259
Q5487269
Q24048789
Q496424
Q1441919
Q446241
Q22884751
Q1294239
Q8977096
Q14334325
Q10382230
Q22107840
Q2330156
Q2343057
Q236103
Q23891026
Q4730243
Q7457176
Q32773928
Q9045480
Q17370787
Q5558056
Q14404441
Q13423096
Q15102712
Q25233561
Q577446
Q677129
Q704593
Q77462
Q9511434
Q1287050
Q349869
Q6949972
Q8376239
Q15523562
Q15944795
Q1382883
Q32002314
Q11238485
Q1190080
Q9421653
Q22820682
Q2625478
Q6521392
Q3439915
Q6422640
Q933025
Q110832507
Q49879241
Q18996706
Q14440418
Q2748938
Q19058926
Q15627446
Q2613369
Q4237519
Q53399977
Q32773929
Q2112
Q9419905
Q28546048
Q57739546
Q10312779
Q10313146
Q10391511
Q4354012
Q4354566
Q9033067
Q211020
Q3437873
Q411997
Q105097837
Q30917138
Q6117272
Q1022015
Q6714625
Q4389570
Q9422850
Q517407
Q6176981
Q1402586
Q19479194
Q616788
Q853873
Q8646
Q6139246
Q717872
Q9432881
Q2491773
Q5236571
Q19665524
Q73016464
Q44709
Q15221176
Q294529
Q71181770
Q6721400
Q224283
Q16254300
Q885571
Q348944
Q60803562
Q8303089
Q17290934
Q2657409
Q4319923
Q9091
Q16644514
Q2459921
Q4098769
Q9974532
Q16669105
Q190678
Q8946602
Q110795025
Q31280701
Q12363804
Q32822677
Q45114
Q105637114
Q461256
Q7261030
Q6762085
Q105726315
Q106150136
Q106165323
Q6289279
Q3029955
Q3098765
Q7329125
Q1351424
Q2579371
Q4516709
Q7652684
Q3421743
Q122239
Q1926554
Q219112
Q25041518
Q9416834
Q7440723
Q1350991
Q2881691
Q471032
Q3572100
Q233808
Q17214285
Q11237794
Q7839454
Q592381
Q4947672
Q552511
Q289597
Q399464
Q6786558
Q511058
Q703637
Q44840
Q5085739
Q6790578
Q359521
Q5281037
Q3972925
Q1911175
Q8377713
Q4890403
Q5705
Q22887184
Q9310987
Q16205235
Q37995
Q17066445
Q1148431
Q3041153
Q6006832
Q22817207
Q5243419
Q7836321
Q6658771
Q8442905
Q5303057
Q5108404
Q6283394
Q6721502
Q21154806
Q48796138
Q4930184
Q2658340
Q8303254
Q8303267
Q23543
Q4863720
Q5107817
Q6846533
Q7171835
Q7332219
Q943194
Q2883481
Q4894662
Q5996371
Q71298312
Q7310141
Q7825755
Q47494096
Q529061
Q6785806
Q21684307
Q1386203
Q1233700
Q1395502
Q3011297
Q3126403
Q3195344
Q3499698
Q13332382
Q3299674
Q3813661
Q11939529
Q16697
Q1000129
Q850958
Q6056388
Q1986211
Q2091701
Q3305819
Q1160206
Q172763
Q9414676
Q98816893
Q5667100
Q97616787
Q97616893
Q557102
Q687211
Q9470527
Q1054923
Q69345
Q585603
Q24057923
Q188426
Q2643
Q311655
Q8871176
Q9586337
Q108297209
Q11942598
Q84796344
Q23039060
Q25391823
Q11694923
Q461263
Q6680328
Q9078685
Q931116
Q6056265
Q2247257
Q1347824
Q108804763
Q108804784
Q3054713
Q3576996
Q6120899
Q19301954
Q3324618
Q5766679
Q15617748
Q42392545
Q339093
Q538696
Q4339440
Q4344162
Q55818537
Q694545
Q9436440
Q2420980
Q1195235
Q3877531
Q14440455
Q25068144
Q1240418
Q2468212
Q4353542
Q619281
Q86239210
Q9416217
Q10723202
Q29952192
Q286405
Q216179
Q526625
Q8683856
Q9106329
Q7611247
Q3178233
Q4761213
Q7519065
Q7803537
Q181874
Q722627
Q8817855
Q103130205
Q18325538
Q104522532
Q104549937
Q104586624
Q16250422
Q104523046
Q4669085
Q5527877
Q66049056
Q7237472
Q7293193
Q15347803
Q30598933
Q6676883
Q4736266
Q2477913
Q289003
Q547366
Q912685
Q8236281
Q8236288
Q1354
Q13412416
Q12334691
Q6277030
Q8705448
Q1892425
Q630985
Q26699957
Q7439349
Q4682441
Q3481782
Q19617261
Q11193215
Q2737054
Q102443819
Q11963775
Q17057893
Q17113453
Q60324824
Q893031
Q4498294
Q9460016
Q17476977
Q7675202
Q105923265
Q550900
Q185652
Q6768000
Q2812726
Q727634
Q1815419
Q105251981
Q326221
Q18924456
Q15128315
Q2300462
Q5593816
Q7502282
Q28019476
Q18387526
Q16232328
Q18921804
Q22912313
Q23009146
Q29635010
Q63015702
Q26827412
Q26827425
Q12007
Q6190659
Q3351183
Q1374734
Q818338
Q42986811
Q845506
Q107616187
Q26486339
Q105764061
Q1731
Q2842954
Q13319745
Q16974179
Q7196389
Q7850543
Q3501912
Q1181400
Q29915088
Q29915089
Q1607365
Q6184707
Q719520
Q887993
Q8341887
Q9432244
Q746540
Q9558113
Q1275949
Q2427429
Q6312892
Q806160
Q38511
Q111096709
Q13451513
Q949375
Q982709
Q9118500
Q89831086
Q16599064
Q17478068
Q3396222
Q7075250
Q2142661
Q3035752
Q3306150
Q3396180
Q3473842
Q63843925
Q2479745
Q56248515
Q16732992
Q23482820
Q577964
Q7261184
Q2346848
Q3312973
Q815283
Q388503
Q1902688
Q4267050
Q451088
Q236932
Q24962070
Q17001544
Q6379417
Q215829
Q368354
Q572901
Q110832620
Q653349
Q1739296
Q1133795
Q16629118
Q18392162
Q380849
Q18434999
Q1530
Q12302381
Q12324869
Q4768556
Q4946970
Q512336
Q21817634
Q98898395
Q21817291
Q20348372
Q481545
Q12322346
Q12323922
Q12327754
Q12331720
Q12337005
Q12343249
Q569244
Q105094441
Q7454286
Q2110377
Q108468813
Q12301380
Q12316765
Q12323833
Q12329018
Q16064197
Q563326
Q3080673
Q974934
Q6314745
Q928673
Q221184
Q804
Q7316157
Q21062528
Q24241954
Q5447497
Q6991484
Q12294400
Q1378712
Q1165920
Q233793
Q235024
Q235042
Q240735
Q240759
Q7583363
Q8231296
Q2417466
Q530502
Q100737883
Q5052799
Q863058
Q3576193
Q105763476
Q103093
Q6668198
Q231257
Q2965523
Q3082156
Q3195681
Q3501516
Q3591230
Q5620749
Q15614670
Q1840167
Q20317856
Q7404024
Q984544
Q17379332
Q17379337
Q3438949
Q12731739
Q8043405
Q5384
Q3476453
Q110764308
Q1476
Q3473424
Q3389313
Q20972119
Q7071162
Q18357349
Q3017462
Q7283173
Q103725
Q79815
Q8046173
Q3635217
Q149782
Q858775
Q1721
Q725022
Q7536933
Q445386
Q5214526
Q2861859
Q4703522
Q208445
Q7897745
Q7549536
Q97667535
Q13384900
Q1217678
Q7562367
Q679551
Q6534816
Q1103321
Q18921780
Q8850403
Q110177808
Q3035382
Q66119687
Q16407703
Q982232
Q231530
Q3494280
Q7932645
Q694193
Q1000717
Q779
Q55298351
Q22887124
Q43453
Q7176847
Q381022
Q229375
Q3481340
Q432822
Q4268
Q10099794
Q6163042
Q84026687
Q7604825
Q29245
Q2745349
Q6848094
Q3843260
Q216986
Q4905181
Q14960
Q12037608
Q78152527
Q87346710
Q22878490
Q55298402
Q57744817
Q6874104
Q4425705
Q6347566
Q6108928
Q310113
Q3505942
Q922405
Q55298412
Q113243
Q2133733
Q102557053
Q5281475
Q5317721
Q3277650
Q1167300
Q7654075
Q1187672
Q2874854
Q107977919
Q22882854
Q11715345
Q18710970
Q928525
Q1241987
Q8895220
Q3838
Q207134
Q2004156
Q18163221
Q24965009
Q8209348
Q16087083
Q5107138
Q3981655
Q3013907
Q3219521
Q3380177
Q3387359
Q25254884
Q15524949
Q984364
Q1190550
Q6848865
Q5009264
Q3454165
Q29504171
Q29505347
Q29510446
Q3025569
Q23014953
Q2836527
Q446477
Q20326795
Q57280398
Q7151710
Q7349661
Q1026673
Q3430505
Q2396122
Q5724808
Q188489
Q44721
Q5048482
Q7300663
Q5511897
Q1263570
Q5375
Q4717980
Q30826357
Q7260393
Q130191
Q3381459
Q2779052
Q942680
Q65087337
Q852638
Q7923012
Q108750004
Q3574168
Q2372872
Q2145
Q55298499
Q4162219
Q4096115
Q1543041
Q4935435
Q17017142
Q6838216
Q65212695
Q1026182
Q6163072
Q1851577
Q4368975
Q1396608
Q6833658
Q5593789
Q945280
Q2548425
Q5987873
Q3309445
Q4796701
Q729006
Q17103540
Q104157106
Q7801576
Q110027238
Q3808433
Q105297976
Q3078568
Q66443184
Q20724741
Q20724742
Q556959
Q96140094
Q15831428
Q16196857
Q231161
Q3437637
Q4790092
Q5390849
Q550067
Q593067
Q5975233
Q6174324
Q9034911
Q57919
Q16732183
Q62763044
Q3200902
Q7852623
Q7858553
Q7331545
Q1880083
Q178922
Q3194782
Q17150643
Q4760836
Q5482296
Q3544661
Q1708912
Q3546717
Q7338263
Q16728855
Q5102264
Q2285595
Q1462331
Q1308176
Q223161
Q3573158
Q7614398
Q6408372
Q1842289
Q4555
Q178405
Q3345316
Q6555873
Q12884868
Q60194
Q18927272
Q18637791
Q318711
Q275607
Q2850225
Q994927
Q582329
Q233983
Q104727387
Q12044299
Q95110646
Q26936132
Q10857472
Q11836336
Q12002068
Q12017345
Q12022871
Q12025077
Q12025549
Q3562802
Q7472937
Q33946
Q299138
Q3246511
Q28092622
Q2337027
Q883
Q534492
Q1642668
Q4661970
Q3569826
Q8045012
Q682710
Q6722596
Q122563
Q4940971
Q3432151
Q2574816
Q9559312
Q11040832
Q3029990
Q712176
Q925619
Q9518893
Q9415439
Q335579
Q126543
Q5318222
Q5243810
Q4067997
Q5332
Q68741817
Q191521
Q4162302
Q14627544
Q17371621
Q17371772
Q17372028
Q1980070
Q2011324
Q2022756
Q20666484
Q209926
Q21664082
Q22918544
Q2329850
Q2350283
Q2391534
Q2395728
Q2504592
Q25894698
Q3061237
Q3350429
Q3472625
Q3516051
Q47453279
Q79055808
Q9460984
Q1020893
Q111133427
Q99674142
Q99674389
Q99676833
Q99677878
Q99689297
Q99704791
Q722042
Q6666507
Q1357313
Q1994908
Q9023279
Q3817069
Q156125
Q20348010
Q19919102
Q28403973
Q16150161
Q22003014
Q353973
Q3935800
Q4264989
Q5048569
Q5213277
Q5262236
Q5981525
Q7614003
Q7822007
Q576499
Q17150222
Q320669
Q18211526
Q18342587
Q58848376
Q60617981
Q26525
Q7577073
Q641756
Q443864
Q32861217
Q34816547
Q222338
Q314535
Q3724778
Q4802872
Q266180
Q5580601
Q111445839
Q5615326
Q985438
Q20344101
Q7899276
Q1742077
Q455018
Q1929406
Q338229
Q1894660
Q16822395
Q16215611
Q189132
Q4882866
Q5072641
Q70824314
Q7801173
Q228263
Q343117
Q17100398
Q757390
Q8430559
Q501442
Q360564
Q84104227
Q995231
Q1089749
Q24963861
Q4934629
Q31928
Q864369
Q766058
Q63283742
Q14754092
Q25043691
Q96944739
Q5045439
Q7809567
Q2036172
Q13386
Q16843301
Q23895494
Q3704277
Q470888
Q110424429
Q16998635
Q123372
Q6670140
Q55948113
Q8875700
Q6346980
Q9523642
Q65071446
Q1077723
Q17143956
Q5387362
Q1261
Q329018
Q4357377
Q703197
Q499178
Q208447
Q635
Q5131637
Q6727322
Q592483
Q571445
Q108557173
Q2086257
Q4232297
Q101112818
Q101113364
Q103782754
Q1041734
Q108574354
Q15440571
Q15440578
Q20065094
Q20065150
Q276609
Q32985077
Q4767267
Q5702560
Q65066132
Q6697277
Q79368743
Q86459942
Q86460093
Q86460095
Q86460096
Q86460099
Q86460103
Q86460106
Q86460111
Q95982283
Q95982463
Q95982623
Q95982688
Q95982720
Q95982732
Q95982816
Q95982837
Q95982918
Q95982931
Q95983080
Q95983182
Q95984503
Q95984510
Q95984513
Q95984522
Q95984532
Q95984535
Q95984537
Q95984538
Q95984583
Q95984610
Q95984641
Q95984671
Q95984694
Q95984716
Q95984730
Q95984733
Q95984737
Q95984739
Q95984743
Q95984746
Q95984751
Q95984757
Q95984761
Q95984767
Q95985144
Q95985179
Q95985208
Q95985230
Q95985257
Q95985261
Q95985266
Q95985271
Q95985279
Q95985284
Q95985292
Q95985324
Q7195644
Q14333961
Q2491498
Q3709483
Q2082089
Q8364981
Q9413668
Q938947
Q3709473
Q899116
Q3403127
Q18996154
Q5192617
Q4748936
Q56867946
Q66391529
Q8389775
Q64591108
Q467544
Q11258958
Q7436013
Q3747293
Q923141
Q9614531
Q313505
Q17370455
Q224416
Q107005532
Q13786
Q5275566
Q7746483
Q108617214
Q1253621
Q9631629
Q16829752
Q7038555
Q3709564
Q9398392
Q5692619
Q708879
Q5280828
Q219638
Q2269071
Q7630957
Q4162215
Q290867
Q8750428
Q65554675
Q5292769
Q5763381
Q8012260
Q7884764
Q24241461
Q1071897
Q65080181
Q5095885
Q692632
Q8358304
Q9433161
Q3720616
Q826561
Q5370109
Q3054270
Q17306389
Q846683
Q2323139
Q5465369
Q108435639
Q67589473
Q67589258
Q11864496
Q7144390
Q18998407
Q99203969
Q10145601
Q16161359
Q7181469
Q111433646
Q3328201
Q55299399
Q5205247
Q4876924
Q23045024
Q36192
Q12365550
Q48576761
Q936801
Q57194188
Q19200809
Q14399507
Q11248964
Q12328583
Q17215099
Q231000
Q55624450
Q1154184
Q1190100
Q1197320
Q1342948
Q313654
Q626950
Q8661345
Q9423608
Q102365
Q7245619
Q4162180
Q214164
Q662274
Q2147087
Q3202619
Q1217862
Q25067884
Q15257639
Q40741162
Q6246754
Q15485567
Q18574662
Q3879381
Q3608534
Q3756621
Q3993215
Q3184127
Q5550137
Q7038
Q28041778
Q294864
Q6199
Q7045145
Q1676573
Q269624
Q3675559
Q6789240
Q6285033
Q7798298
Q1420891
Q24884453
Q990271
Q3359481
Q191842
Q8389805
Q5514011
Q7378725
Q1065742
Q3167940
Q1674513
Q3368552
Q4859064
Q5178576
Q1928583
Q26183451
Q105755542
Q105755575
Q4892598
Q60823362
Q6318288
Q2450911
Q2400623
Q523995
Q18823027
Q5529760
Q5597810
Q15389
Q14440328
Q4349614
Q73275299
Q2001888
Q912952
Q9413941
Q5170926
Q4263051
Q1700251
Q203983
Q1043575
Q20376952
Q1025919
Q7629465
Q107393
Q108039683
Q181274
Q58205493
Q4354855
Q905982
Q104777156
Q66311042
Q1142870
Q13743427
Q1981242
Q2232229
Q268118
Q717066
Q980220
Q962499
Q3939336
Q3939975
Q4729596
Q6862134
Q106581777
Q2266376
Q85780950
Q7718292
Q8846657
Q852684
Q8846654
Q3791259
Q102320849
Q7913
Q12723678
Q3179416
Q51495045
Q98791
Q17411608
Q10223924
Q7162509
Q3954081
Q10949077
Q3709489
Q3127239
Q178802
Q1959287
Q428563
Q8377473
Q338312
Q1115106
Q17049481
Q11225968
Q55406342
Q58223622
Q64876581
Q64876590
Q71302403
Q4906343
Q6558325
Q5362238
Q5149025
Q6670610
Q451896
Q23884416
Q4810676
Q7141942
Q28402330
Q50841919
Q2277126
Q1345099
Q2411024
Q6411695
Q16960039
Q429864
Q16011695
Q4070234
Q4071632
Q4084082
Q4206552
Q9710132
Q3675747
Q3852502
Q70316755
Q168023
Q18637115
Q82174
Q2626710
Q2330684
Q5194627
Q13766456
Q294688
Q6555889
Q11295227
Q4975113
Q2631396
Q111285648
Q58814203
Q9550063
Q1776967
Q5531199
Q6925193
Q223951
Q4162168
Q2567490
Q8372032
Q22891019
Q9333809
Q1001243
Q4145841
Q11321742
Q29915574
Q2038293
Q535196
Q6722644
Q11860685
Q30598962
Q1138536
Q99353771
Q85842559
Q7612663
Q11048531
Q3030114
Q711367
Q9519693
Q987133
Q9500885
Q3438138
Q64966984
Q2142941
Q2786160
Q7732853
Q7456524
Q1324871
Q583018
Q465702
Q2620486
Q4141699
Q4280974
Q4301128
Q4496201
Q32772949
Q5582862
Q1761976
Q25044733
Q450453
Q10335943
Q18468721
Q654537
Q16205488
Q3643721
Q6174149
Q16301024
Q16867336
Q20898905
Q4925264
Q71141860
Q615713
Q104179058
Q104179030
Q104179376
Q106676121
Q5248143
Q5989365
Q602951
Q7977338
Q20376273
Q100989721
Q1193049
Q16627978
Q3216017
Q30852588
Q30845876
Q6212446
Q59295534
Q17002493
Q267010
Q7505117
Q34600
Q24620126
Q84346422
Q22878118
Q3841611
Q5397993
Q897190
Q16614254
Q11687445
Q16527257
Q9359478
Q9359766
Q9376962
Q9377026
Q82765
Q187165
Q20315254
Q1135790
Q5235617
Q7613664
Q7921572
Q28271
Q3299750
Q6672048
Q253259
Q6276944
Q1019527
Q9404696
Q15145494
Q4797151
Q385060
Q7334298
Q7913093
Q12857467
Q96248034
Q785591
Q1321179
Q2891635
Q305030
Q9589984
Q138391
Q78532
Q3905921
Q106621114
Q18120440
Q6672077
Q16210908
Q6238253
Q20332771
Q15059533
Q231233
Q4805524
Q5477601
Q740617
Q2761195
Q13363744
Q3539753
Q1115634
Q375040
Q460445
Q720175
Q8873428
Q9417965
Q18915482
Q9522112
Q18252301
Q5034033
Q6715725
Q1384264
Q2895453
Q49192
Q8590552
Q130212
Q1607873
Q963411
Q8847465
Q12732471
Q12732660
Q18542311
Q70080703
Q4838955
Q552912
Q815803
Q70079833
Q71941644
Q3187650
Q9838299
Q4394418
Q7720384
Q4927451
Q18880461
Q17370421
Q3983150
Q1390708
Q3680485
Q110611126
Q110659195
Q108025
Q1269895
Q103843464
Q1692024
Q3852934
Q5629688
Q5951615
Q11027864
Q16958582
Q7356539
Q5120406
Q957085
Q20369540
Q15512825
Q974238
Q7694008
Q13580
Q56724159
Q3269698
Q3473501
Q918838
Q2280273
Q98468204
Q3703021
Q3791487
Q526512
Q49158
Q16211612
Q3639843
Q2414801
Q457292
Q719799
Q1072819
Q181683
Q6130286
Q5592660
Q5114690
Q5110748
Q2615615
Q6942630
Q2724775
Q17370915
Q84368396
Q1225816
Q3611365
Q3702038
Q3757121
Q6661554
Q9176
Q4638936
Q234066
Q485511
Q486483
Q493104
Q8210506
Q649634
Q109109804
Q16492980
Q23641947
Q2883838
Q66049000
Q98716806
Q1751409
Q4050822
Q750315
Q953249
Q7610130
Q6176402
Q327515
Q1968297
Q323739
Q5369
Q3336741
Q7718816
Q1263803
Q1702317
Q1985468
Q241496
Q332328
Q717159
Q5619078
Q2410073
Q102158688
Q2020790
Q10566
Q106633067
Q106633151
Q4906571
Q5214626
Q1814125
Q17081596
Q7143445
Q1976592
Q21580601
Q68812418
Q68817651
Q3939773
Q105894750
Q3749379
Q3709576
Q7705442
Q277795
Q7752588
Q5489059
Q8848877
Q3206266
Q1375653
Q2414308
Q1390427
Q231765
Q3637960
Q105098722
Q67599249
Q6524072
Q20328340
Q7762697
Q5228836
Q153996
Q2163285
Q7574608
Q20330615
Q1111701
Q1088720
Q4882898
Q16148439
Q5418981
Q834959
Q633219
Q18024176
Q7857455
Q537899
Q461011
Q18249259
Q203889
Q3806605
Q5977999
Q532369
Q114
Q225641
Q3888865
Q16221808
Q7246915
Q7972854
Q2719855
Q9365569
Q9428425
Q21621600
Q3176511
Q8946638
Q21500960
Q2709
Q20715639
Q61523615
Q21500970
Q21500973
Q51686
Q17220032
Q575220
Q225740
Q105883358
Q4028198
Q105696856
Q4033655
Q4284298
Q97412335
Q199500
Q54145
Q4093649
Q23867507
Q16984457
Q4414953
Q22991878
Q4096104
Q6787605
Q4053148
Q20687397
Q7983917
Q21387410
Q5188570
Q84257465
Q507734
Q4040383
Q18029427
Q5601700
Q5765107
Q7926424
Q16207053
Q9632922
Q1656371
Q5893261
Q7897996
Q439544
Q56244390
Q6396604
Q11881308
Q16989682
Q61754890
Q6412879
Q17151329
Q106939794
Q28943928
Q76547153
Q5228820
Q7182031
Q602646
Q6730355
Q50398497
Q22884128
Q9190938
Q4047633
Q16063665
Q18421607
Q66273
Q7099699
Q5170023
Q74309
Q11737488
Q906
Q1127539
Q49268
Q211474
Q6788923
Q229844
Q396632
Q70127438
Q57986416
Q5574390
Q6150518
Q2525242
Q1072657
Q35962
Q3734139
Q4365354
Q9415467
Q986306
Q8637064
Q15758
Q636069
Q25345107
Q276301
Q458871
Q16740
Q4228700
Q7230181
Q13646229
Q150
Q106232517
Q1601889
Q16226045
Q3267869
Q5772393
Q6233396
Q1865
Q7763548
Q956094
Q7339921
Q484056
Q5019107
Q719083
Q183002
Q4483850
Q4171179
Q4493963
Q9417617
Q4412660
Q105522635
Q60734259
Q4930198
Q104677701
Q104680516
Q3696449
Q6503997
Q5605401
Q2143
Q109315700
Q6848707
Q1168837
Q6107901
Q741400
Q4931666
Q994
Q6271100
Q49238
Q55300888
Q757143
Q21856853
Q4224919
Q605512
Q297831
Q17165185
Q1771235
Q2495733
Q16611369
Q18379375
Q4229975
Q157688
Q6512713
Q749522
Q332525
Q484523
Q8208913
Q8208956
Q19267178
Q2661235
Q2936905
Q4077119
Q42617096
Q42617115
Q42617119
Q48292
Q8492165
Q20353514
Q5216934
Q2856147
Q602130
Q63107043
Q12000387
Q16165526
Q63106824
Q63106890
Q63106934
Q4044084
Q9433546
Q16263203
Q4698201
Q3347393
Q8227488
Q9522737
Q6672894
Q408066
Q16644464
Q3180256
Q27593
Q705867
Q9522742
Q65562601
Q1250548
Q65562705
Q7271749
Q12472352
Q16182765
Q10049015
Q188335
Q4118161
Q10852418
Q28690421
Q9721207
Q18995931
Q18689034
Q11853318
Q11883679
Q11887124
Q655667
Q3612
Q959
Q110518406
Q108381825
Q108381869
Q21074829
Q4353064
Q9510608
Q55604656
Q14466788
Q9507926
Q4973330
Q4153386
Q16644509
Q2184
Q4178201
Q56724056
Q12842001
Q5087032
Q8849142
Q1180
Q108712697
Q108713623
Q108713706
Q108713733
Q108713766
Q7966054
Q103042012
Q110720225
Q21005041
Q21872707
Q5231311
Q27976507
Q21066736
Q63440140
Q3841614
Q365767
Q11766161
Q3462590
Q363371
Q4178600
Q4402361
Q6674180
Q16214232
Q6163103
Q3428047
Q32620338
Q27254
Q65562289
Q65562331
Q220312
Q2627344
Q32775280
Q14182
Q142571
Q20337449
Q29915172
Q1337779
Q5203214
Q8855587
Q7969510
Q7450956
Q16832263
Q16943650
Q27995612
Q5908959
Q7128966
Q9162904
Q7783739
Q20331782
Q6668457
Q8074743
Q17004930
Q110608973
Q182607
Q3013140
Q3056398
Q3295920
Q3298365
Q4963582
Q707352
Q932243
Q13296744
Q8852173
Q1275972
Q60258886
Q17370873
Q7729061
Q20685739
Q2475450
Q2549293
Q2631785
Q87407926
Q986007
Q21158783
Q2329480
Q3854281
Q20990172
Q170616
Q14947290
Q18204473
Q21170928
Q2949822
Q1326777
Q22837152
Q4147177
Q4445338
Q898
Q4539841
Q128499
Q1057360
Q6944767
Q106433025
Q1176795
Q4355046
Q836314
Q1042239
Q1783075
Q1783517
Q1796917
Q1871819
Q192094
Q20156166
Q210159
Q223202
Q2343382
Q2356540
Q2472572
Q271656
Q2907831
Q3370806
Q354174
Q472404
Q888884
Q6577766
Q2750829
Q259261
Q7996518
Q534389
Q4120016
Q7280236
Q4701746
Q19617281
Q1393
Q376237
Q11902587
Q4356071
Q20873887
Q4266938
Q4276848
Q4277328
Q5997161
Q3394583
Q8757
Q3624313
Q32773585
Q571477
Q109027675
Q11369143
Q11616508
Q3503935
Q20666363
Q98543109
Q98540061
Q6317043
Q2376249
Q3270779
Q7106159
Q2269703
Q9457544
Q1300612
Q1463549
Q793701
Q987777
Q996887
Q105898728
Q2507275
Q2057625
Q28182945
Q55292676
Q7122564
Q107676523
Q11885684
Q16298212
Q4983003
Q1997691
Q1173221
Q7261457
Q958708
Q2877520
Q48746764
Q4207677
Q4403835
Q4460499
Q51636423
Q7495739
Q20317270
Q6889170
Q9505861
Q99673857
Q5564287
Q32664950
Q220730
Q44190
Q51667798
Q60408931
Q60410737
Q89052465
Q32687846
Q10146
Q4492731
Q4094840
Q545186
Q966465
Q57912
Q31155
Q3841592
Q38457
Q38473
Q617869
Q691892
Q4818262
Q4808418
Q1351671
Q2080305
Q2449590
Q483379
Q930038
Q7855911
Q49247
Q9042672
Q17098180
Q3337634
Q4957465
Q5584495
Q6426548
Q7586615
Q7938171
Q8067928
Q5350312
Q9815921
Q106730429
Q3131452
Q9951036
Q6393701
Q1250121
Q32679738
Q1563631
Q2989086
Q469265
Q834689
Q106729606
Q3319623
Q7135093
Q107721815
Q107725366
Q107726402
Q107727148
Q9365
Q4767600
Q7822911
Q20352013
Q400644
Q5556623
Q3090507
Q193744
Q7612182
Q3313513
Q220554
Q1010
Q18996606
Q5013048
Q11897712
Q5397247
Q56403844
Q8334595
Q5582274
Q1786724
Q1029
Q51883311
Q10685256
Q1337975
Q703237
Q960630
Q2748959
Q288717
Q484540
Q486059
Q505486
Q842070
Q10084309
Q9042265
Q18997795
Q11778182
Q1207856
Q6213319
Q22884383
Q7342491
Q9359492
Q310580
Q102230471
Q6010049
Q6011897
Q54732
Q7880508
Q6846565
Q3192937
Q102075547
Q4969649
Q428852
Q10481138
Q5543021
Q5723981
Q5732185
Q5967365
Q6011047
Q10581727
Q4926761
Q1744295
Q7774064
Q5234068
Q83200951
Q14657
Q10248075
Q5933907
Q4679064
Q8058154
Q17104244
Q17477196
Q855
Q3543740
Q7688362
Q39663264
Q368586
Q5506994
Q11853315
Q10326404
Q4592336
Q880270
Q10371354
Q61743044
Q188901
Q9686908
Q6496328
Q20056267
Q40333741
Q11871271
Q11882714
Q12433080
Q61398199
Q5965746
Q406967
Q1810546
Q61180115
Q32723014
Q5892848
Q911373
Q286410
Q842263
Q842267
Q842850
Q6357520
Q321381
Q8621229
Q5123048
Q67153950
Q6848836
Q592878
Q3269875
Q3069316
Q704709
Q234200
Q7759419
Q15457475
Q126355
Q11542508
Q11659563
Q7473516
Q3856122
Q3778007
Q3090783
Q4836714
Q1758799
Q1354001
Q2202964
Q529555
Q550598
Q924472
Q9559340
Q4402490
Q382189
Q1894418
Q14446560
Q4162193
Q22344500
Q4049355
Q4308049
Q4402202
Q4416344
Q4456157
Q452569
Q7577901
Q9414397
Q957010
Q104925
Q548251
Q56037
Q16659751
Q7045692
Q20351790
Q1013550
Q2776987
Q6773380
Q638610
Q1586041
Q1141725
Q253161
Q3310258
Q53631715
Q5444572
Q60519
Q681136
Q7161505
Q7161782
Q53934981
Q1275039
Q4080032
Q4439999
Q18174254
Q1233991
Q4527813
Q32754259
Q27491444
Q6426369
Q658610
Q486063
Q486786
Q491772
Q6823278
Q80034
Q5378817
Q7642596
Q547583
Q2060318
Q601617
Q712860
Q822029
Q822036
Q6355633
Q1416004
Q1772944
Q1772950
Q626490
Q7298213
Q16562829
Q823560
Q1922245
Q1660357
Q1917184
Q2076318
Q27780064
Q28428179
Q5422371
Q59353505
Q59358371
Q7557563
Q58125755
Q58222704
Q59360697
Q59362040
Q360817
Q7259657
Q8063374
Q3186066
Q2064394
Q28830325
Q28830329
Q3703
Q5552273
Q9611
Q4035294
Q4129144
Q1153913
Q4093887
Q4249098
Q4318168
Q2540459
Q105080310
Q105080680
Q106676207
Q106676428
Q106676570
Q61413504
Q6175970
Q4679543
Q28799837
Q13124744
Q104876311
Q3011315
Q3908370
Q20352210
Q30641485
Q10411531
Q109371768
Q110773900
Q2409191
Q24955930
Q27050001
Q4976035
Q1744954
Q2134260
Q4944683
Q107274279
Q3434235
Q1644952
Q18628209
Q2370219
Q66995884
Q55302206
Q1185949
Q7162175
Q3561497
Q9525798
Q9542316
Q953
Q20340453
Q317865
Q7004260
Q8345652
Q6284949
Q22849322
Q2269223
Q314206
Q365400
Q8690709
Q2253708
Q807820
Q2927252
Q7369183
Q887917
Q209751
Q821112
Q9524897
Q6677100
Q11854913
Q17099297
Q3784118
Q3784130
Q6374668
Q977944
Q8242759
Q108798071
Q108093663
Q4940398
Q4989506
Q5540571
Q5584758
Q6198576
Q10492731
Q10516459
Q10540182
Q10651056
Q10672929
Q10680339
Q15104912
Q15105437
Q641318
Q6457394
Q8577744
Q21154418
Q725153
Q837
Q106957068
Q110527226
Q12005410
Q4574971
Q110584546
Q10087531
Q1927139
Q110518263
Q11971713
Q11983608
Q12003067
Q12006898
Q17096972
Q17113639
Q2348597
Q1740336
Q4061
Q27062884
Q104704040
Q20685285
Q11992876
Q11997290
Q47507312
Q11978260
Q579363
Q1212471
Q19472120
Q6347360
Q5820918
Q6272786
Q12303900
Q5324963
Q7180710
Q17110937
Q66424356
Q15837086
Q213824
Q11993886
Q16159387
Q108031
Q65008019
Q47168638
Q47168671
Q1774008
Q207710
Q12306407
Q17006827
Q3030069
Q11086081
Q151795
Q166344
Q19947198
Q6827101
Q359318
Q6649336
Q277512
Q3915226
Q666957
Q1307478
Q4828998
Q107392873
Q28557541
Q43217885
Q90783
Q95727
Q599720
Q5182415
Q3850147
Q12467612
Q22887668
Q23962
Q8980718
Q1107750
Q1347312
Q3989135
Q556941
Q16734970
Q15490794
Q4707822
Q4978237
Q635406
Q14192383
Q34229195
Q34229240
Q34229289
Q387047
Q268917
Q984264
Q4287233
Q3889
Q4761292
Q5360807
Q1328743
Q9614914
Q17503122
Q89670407
Q3606969
Q5268376
Q9516434
Q65172813
Q7752037
Q312803
Q3239689
Q597433
Q954997
Q8848831
Q1394919
Q2702943
Q2708096
Q7485030
Q7849447
Q584473
Q96150454
Q12126937
Q7434063
Q109324090
Q13583805
Q2414249
Q2594253
Q460908
Q7123406
Q8718181
Q6313748
Q38451
Q19816829
Q16746799
Q15746737
Q18812046
Q21282968
Q22237759
Q482477
Q18718280
Q8354029
Q558317
Q6025743
Q7969735
Q49201
Q1933244
Q462184
Q28451873
Q4743797
Q19871246
Q3182096
Q382015
Q382566
Q386747
Q7788024
Q43231850
Q25631171
Q243007
Q189912
Q25094591
Q716250
Q54961
Q1891
Q180226
Q516817
Q624678
Q5515324
Q724
Q10964241
Q1931190
Q2284081
Q2267352
Q291577
Q8579832
Q7486788
Q2172834
Q1867
Q5504588
Q7561847
Q865716
Q4862003
Q50144329
Q50144527
Q50145202
Q50333275
Q4679986
Q7752180
Q5194863
Q11993371
Q1321465
Q7085850
Q7132260
Q74060
Q49266
Q5214460
Q723449
Q7376185
Q535444
Q9460915
Q454564
Q5506425
Q3484216
Q533572
Q295919
Q19592786
Q5610929
Q915760
Q1773505
Q4590538
Q7609884
Q186702
Q434841
Q1362570
Q16193785
Q7340610
Q7722386
Q8846938
Q16968375
Q4483293
Q755615
Q5183924
Q6193595
Q3546063
Q4780348
Q608392
Q1572366
Q98528178
Q3232127
Q4735145
Q15851525
Q104152893
Q16847978
Q3502042
Q458849
Q6397835
Q7538677
Q593529
Q1017735
Q2944411
Q6495481
Q2138
Q7383999
Q53633041
Q5399725
Q7057918
Q100151423
Q18688246
Q381116
Q7047821
Q5213629
Q11254162
Q11249616
Q11540869
Q3194998
Q455980
Q20328598
Q1591572
Q29080143
Q1679567
Q2161263
Q771572
Q15850565
Q12674991
Q49140
Q7381733
Q212024
Q16202483
Q5013775
Q6200354
Q995477
Q1191558
Q7093150
Q967654
Q182223
Q5051376
Q7033
Q6176422
Q3368147
Q13362989
Q1576139
Q371202
Q448837
Q8707330
Q9061952
Q4787967
Q4524298
Q3140298
Q7407194
Q4318063
Q571136
Q2048477
Q6917458
Q4734658
Q26856776
Q16217468
Q192942
Q36647
Q867258
Q16141191
Q1443710
Q94243585
Q9525136
Q6677648
Q16299599
Q174357
Q44201
Q4886604
Q95095486
Q241716
Q7488590
Q7581154
Q9252
Q552878
Q1295
Q8432613
Q6677656
Q474170
Q287319
Q335294
Q3876073
Q3949326
Q5406452
Q49878875
Q8878453
Q62123693
Q18468853
Q3811888
Q1583807
Q6397379
Q1191293
Q4714183
Q4879004
Q2416364
Q267406
Q312559
Q917511
Q503031
Q209338
Q23901842
Q88810
Q9852789
Q7357026
Q2577729
Q1778769
Q9247775
Q5484334
Q98411386
Q1056542
Q6705541
Q2273128
Q5503215
Q9625715
Q432683
Q2560246
Q7621480
Q3610677
Q16214897
Q374782
Q4146025
Q4224933
Q9596685
Q81620
Q7026350
Q1867507
Q1529978
Q25045223
Q353388
Q7197002
Q13561700
Q5053432
Q5256547
Q6437767
Q7296532
Q16979317
Q47034737
Q47061205
Q47076726
Q58209721
Q6067615
Q1053260
Q1953552
Q25475852
Q442656
Q455536
Q47006533
Q47009928
Q47009938
Q47034798
Q6005716
Q6022916
Q6066786
Q6068131
Q6102111
Q6102899
Q6818296
Q704411
Q12303
Q2276605
Q7580835
Q22820434
Q6847703
Q6086091
Q18001622
Q6172309
Q16461
Q7407326
Q5606836
Q7327376
Q54344
Q11731963
Q2655756
Q858
Q1048249
Q19619310
Q1530517
Q369933
Q723053
Q8847563
Q16214162
Q211770
Q1559603
Q312434
Q5702118
Q5888364
Q5901890
Q2609530
Q1138370
Q9012537
Q10021145
Q104542251
Q104543363
Q104546024
Q104577802
Q104578173
Q104578468
Q104578811
Q104578997
Q2574737
Q4725110
Q5943963
Q7818377
Q55303239
Q916
Q4794315
Q1661924
Q33109372
Q33109419
Q33109534
Q33109612
Q7265291
Q71127062
Q2629091
Q6676825
Q3806623
Q501876
Q17511465
Q49784082
Q4204
Q4801244
Q2660403
Q7575983
Q8075301
Q3395828
Q7247899
Q1937886
Q1185029
Q6242516
Q1701371
Q6008072
Q16241072
Q16549964
Q741600
Q24883941
Q22888271
Q101464475
Q11735700
Q11771447
Q11778638
Q9376941
Q25829400
Q8006495
Q6453423
Q2769850
Q6049713
Q6075854
Q650150
Q986776
Q2799907
Q58476595
Q884992
Q20360947
Q17000837
Q484302
Q16194339
Q5218614
Q424773
Q24704996
Q588095
Q6723918
Q1741782
Q1148552
Q4678978
Q5569069
Q8275590
Q30641313
Q7196164
Q1908115
Q16195074
Q1795038
Q2059330
Q754094
Q913265
Q13270209
Q996760
Q884393
Q1191027
Q220140
Q4270
Q707151
Q8302870
Q8302890
Q243670
Q17239937
Q17350205
Q7191415
Q3106841
Q3289873
Q7732018
Q1191520
Q358567
Q488994
Q491583
Q501296
Q8374200
Q44892
Q8374192
Q4830208
Q17518799
Q25040634
Q6277046
Q9139374
Q7543704
Q2239914
Q1207885
Q204132
Q854258
Q862862
Q2194438
Q959914
Q10636588
Q1956368
Q1053872
Q10578490
Q7855900
Q1170086
Q464476
Q1368114
Q2068199
Q856869
Q7144640
Q6375450
Q11429216
Q11638808
Q3573125
Q9542331
Q4437973
Q105955817
Q1958810
Q4292589
Q4398479
Q4416798
Q14329568
Q2599
Q10720305
Q2339150
Q312387
Q317262
Q346607
Q366900
Q454573
Q551161
Q5644130
Q712834
Q7855950
Q1202211
Q176284
Q2332140
Q2543410
Q8633084
Q11021642
Q378386
Q216913
Q23002061
Q350314
Q910568
Q8824988
Q8882601
Q7822235
Q495616
Q9139340
Q1161101
Q18346212
Q19059375
Q44506332
Q368308
Q489103
Q10002417
Q13365330
Q681912
Q1121768
Q8744580
Q787338
Q184116
Q5459731
Q301162
Q5496442
Q6254588
Q20363340
Q97359891
Q3015230
Q48123598
Q1740125
Q5240738
Q4840323
Q294382
Q19830640
Q12610212
Q42153
Q1822674
Q6491809
Q1347764
Q2592569
Q1046612
Q7855824
Q737593
Q7273079
Q50595
Q31176903
Q12812560
Q618794
Q1765698
Q2335754
Q2420049
Q2565687
Q4808657
Q552069
Q740639
Q7855643
Q9412505
Q12433054
Q3520479
Q3305349
Q3978140
Q2461132
Q2083623
Q2738214
Q525005
Q8847371
Q844908
Q8847366
Q6678104
Q59212828
Q49196
Q9525474
Q4866122
Q6941508
Q20947531
Q13231390
Q1601805
Q223741
Q2745512
Q342686
Q372318
Q655799
Q7855922
Q173061
Q9083286
Q1494813
Q11916847
Q10741396
Q3270287
Q23955659
Q10965245
Q10953526
Q346979
Q6589516
Q6797268
Q1102922
Q1112765
Q17093583
Q1814342
Q2255817
Q2336650
Q2705499
Q318871
Q3438938
Q350527
Q370323
Q3855359
Q6277015
Q9015567
Q1189327
Q976563
Q7469299
Q13361611
Q1162047
Q1200169
Q1338469
Q15532385
Q2274496
Q508574
Q756563
Q792976
Q8494231
Q1391
Q8494227
Q6862010
Q3655388
Q4382329
Q437476
Q7855713
Q7283225
Q16528510
Q6732919
Q2616151
Q855207
Q9447567
Q6497774
Q9434103
Q773880
Q68218918
Q6347015
Q3175359
Q9546682
Q12553877
Q1493936
Q234104
Q8480750
Q7271595
Q6368252
Q2760754
Q255553
Q314877
Q349835
Q8442984
Q578301
Q8442983
Q6721606
Q412490
Q61050098
Q773664
Q1138490
Q335184
Q7855694
Q8303455
Q12127013
Q475173
Q269569
Q6382408
Q8745651
Q6431989
Q18390818
Q7674722
Q7694067
Q1780995
Q16217433
Q16217434
Q3544182
Q7135978
Q12619387
Q4861684
Q5254428
Q3029829
Q625631
Q1320188
Q26269400
Q19018
Q104255289
Q4827652
Q4863719
Q16750456
Q16750475
Q16766254
Q16766255
Q25056807
Q470678
Q1326284
Q456036
Q14346694
Q2483299
Q349551
Q18632575
Q9823458
Q3407829
Q927492
Q6198886
Q7587575
Q4756824
Q998748
Q2038317
Q6678161
Q3029830
Q2588639
Q2592227
Q3016553
Q6276947
Q8878568
Q588591
Q10516662
Q6568020
Q5180489
Q503157
Q84166415
Q8425490
Q7307784
Q3637127
Q5224784
Q58900
Q57470688
Q17013947
Q13346966
Q4963296
Q505067
Q2012126
Q362637
Q1790678
Q2612094
Q3305046
Q527532
Q912028
Q8837192
Q8837191
Q846570
Q7835713
Q1702111
Q528663
Q108117
Q44388
Q2114785
Q485171
Q208038
Q3115750
Q5370286
Q5609727
Q3029862
Q1960239
Q9030606
Q981248
Q9015493
Q706158
Q11255657
Q11372242
Q11539346
Q11192776
Q486459
Q2992065
Q5079598
Q66732539
Q4377065
Q4162240
Q2895
Q10036777
Q4752503
Q8984680
Q22889112
Q1349337
Q11090503
Q299921
Q1894914
Q1480135
Q1618201
Q181664
Q7582849
Q105757654
Q6002491
Q16002495
Q101740
Q56718608
Q212991
Q6716120
Q5210477
Q7390117
Q16080337
Q146671
Q2468368
Q1926925
Q107316493
Q2476184
Q9983676
Q16195607
Q2715452
Q1656672
Q3595672
Q659400
Q5972810
Q15720686
Q331759
Q3533714
Q4756938
Q5524133
Q6104036
Q6270692
Q6271628
Q922470
Q8530171
Q8530164
Q1441274
Q1872228
Q2281146
Q48999
Q6387963
Q8317867
Q9241614
Q1355
Q164815
Q4927518
Q6354282
Q68367557
Q429879
Q705333
Q9508118
Q9228255
Q49147
Q1478567
Q122575
Q17300114
Q18346188
Q17008158
Q20311901
Q3981683
Q21056501
Q3106815
Q3266399
Q774238
Q1462
Q6738214
Q286509
Q108430319
Q12303411
Q21817253
Q5578903
Q1133906
Q3270144
Q4020157
Q713119
Q9427129
Q4906164
Q7812554
Q17182743
Q5754809
Q7306836
Q5584705
Q13156953
Q18917895
Q651744
Q943298
Q4907662
Q3206859
Q20716175
Q8565973
Q8565971
Q5692130
Q106296918
Q21709935
Q16161254
Q12597932
Q12617477
Q485174
Q1207585
Q181185
Q2903740
Q1684336
Q1686276
Q3498981
Q919740
Q925474
Q1574985
Q24062832
Q24062829
Q6087185
Q10547103
Q1512754
Q1605550
Q6054324
Q77007
Q9345410
Q3033
Q9414266
Q813987
Q41070
Q13412141
Q1137170
Q2303778
Q2701232
Q439366
Q9417325
Q6584539
Q20771243
Q111470547
Q4922309
Q6720640
Q24206535
Q17102964
Q3307381
Q3640684
Q7146965
Q9557825
Q5132452
Q16266226
Q233770
Q881
Q1021681
Q16751606
Q3026151
Q3536463
Q929008
Q29025044
Q7811452
Q5106605
Q430224
Q1965
Q171866
Q1476652
Q293422
Q17062947
Q568764
Q6198410
Q236097
Q18346174
Q3527542
Q7526750
Q9437510
Q4924331
Q6259461
Q22817223
Q5361050
Q7803874
Q2373358
Q1046446
Q280103
Q23229
Q490724
Q9558128
Q6277533
Q1261136
Q4769131
Q695565
Q16644470
Q9228291
Q57759665
Q1158926
Q19666615
Q3894
Q5420277
Q885529
Q5347100
Q56664025
Q7340234
Q4929391
Q39019876
Q9558378
Q6702291
Q6715733
Q3814382
Q7741827
Q5496814
Q7049660
Q6147028
Q1390373
Q55998181
Q16847186
Q5607437
Q3147234
Q4730156
Q1277126
Q1985556
Q4933758
Q12594951
Q106583238
Q3434911
Q7389161
Q4910327
Q87157444
Q87157500
Q2818028
Q948737
Q825291
Q3821700
Q527055
Q679289
Q8706024
Q1430587
Q84225255
Q19201
Q9019718
Q1555
Q3482281
Q280608
Q6982579
Q956883
Q7883647
Q289614
Q1543877
Q28372134
Q28372174
Q28372213
Q7359544
Q6128892
Q8672766
Q7355459
Q18346179
Q6045102
Q106667274
Q10855868
Q12585562
Q12588851
Q12611727
Q18567948
Q28428552
Q4756785
Q4216001
Q12604156
Q20946264
Q7062525
Q1931996
Q13412186
Q2323825
Q2465962
Q9613696
Q5592917
Q16866745
Q6727573
Q4968310
Q927877
Q8312566
Q59660234
Q59944138
Q6375491
Q110802779
Q193821
Q5387008
Q4997367
Q7609713
Q2058
Q48297861
Q4955666
Q4955645
Q1077021
Q4933489
Q5212808
Q897365
Q19571930
Q1468829
Q5325520
Q4957011
Q4805609
Q6274973
Q5205295
Q7611967
Q3178991
Q1409228
Q8953383
Q7149086
Q18346216
Q19059318
Q1959903
Q18569735
Q45412
Q4837043
Q2404568
Q7392521
Q1519864
Q22882921
Q101579046
Q10133653
Q5457669
Q5078872
Q1160529
Q5257164
Q4742257
Q12593747
Q5564323
Q10321830
Q11073341
Q12596240
Q12602587
Q12609731
Q16183118
Q60221625
Q7480897
Q4885603
Q2104471
Q231259
Q211490
Q10909209
Q6347412
Q3756589
Q16518737
Q9833099
Q5335965
Q4852979
Q7038400
Q16080053
Q19657173
Q21059984
Q7385484
Q10065871
Q13412675
Q95587098
Q2723849
Q3308029
Q3500536
Q3806897
Q7413053
Q8459484
Q8220143
Q40345
Q4986456
Q331104
Q510092
Q17104045
Q49881
Q996502
Q8913588
Q13513143
Q5069751
Q6452869
Q2835614
Q72601
Q8577577
Q107207957
Q6033445
Q7731176
Q433528
Q4391915
Q19665634
Q3109712
Q2272777
Q16594932
Q621139
Q12326448
Q22889637
Q653421
Q295948
Q1796283
Q47003643
Q108429669
Q108429770
Q12316456
Q12319071
Q12322094
Q12323814
Q4383905
Q65229950
Q98270257
Q21817877
Q18719008
Q5129991
Q25472018
Q20462336
Q856003
Q30602652
Q934018
Q7908200
Q6195358
Q458937
Q7356987
Q16836684
Q934451
Q5980384
Q6347320
Q1039943
Q1061875
Q1152388
Q686070
Q904312
Q904316
Q9589725
Q6755382
Q546258
Q3805136
Q6851420
Q43382
Q943975
Q4962315
Q6789402
Q7747749
Q5203443
Q6446644
Q7577188
Q9643853
Q5193450
Q9510518
Q8433545
Q449033
Q10519402
Q906006
Q185343
Q449476
Q708384
Q708396
Q717198
Q8377495
Q2308650
Q8377490
Q3167120
Q533946
Q1728275
Q24662046
Q2995040
Q3066400
Q6347522
Q1027665
Q1112722
Q2451952
Q2665333
Q3603086
Q5928421
Q7885275
Q9001979
Q8695919
Q22279413
Q367691
Q7395348
Q166568
Q237331
Q241665
Q2923499
Q3183208
Q500535
Q8695915
Q239582
Q461761
Q2910920
Q5387748
Q5012258
Q6347058
Q44244
Q16534941
Q5121945
Q43475
Q223353
Q12056554
Q104054945
Q233919
Q4775960
Q4719769
Q6800205
Q22885475
Q24897876
Q455704
Q944563
Q24967158
Q49164
Q1669024
Q105695891
Q2357947
Q5021729
Q6382146
Q7860190
Q5652780
Q5653472
Q106381278
Q11991723
Q110894620
Q9997880
Q7323524
Q16150354
Q7339972
Q1537118
Q1360997
Q5027436
Q2371483
Q49146
Q323210
Q710459
Q2746944
Q4797247
Q273502
Q707039
Q8265913
Q9472051
Q14949598
Q5234428
Q6490660
Q3520190
Q1072083
Q1242795
Q16986103
Q5229697
Q6177704
Q1037205
Q21597801
Q40461
Q5384679
Q55339778
Q265682
Q2940812
Q7652172
Q1334885
Q1308616
Q2223393
Q3916699
Q17125263
Q4906680
Q78385691
Q6167280
Q78384998
Q78388691
Q1712125
Q17370575
Q99197101
Q1780503
Q3641381
Q772760
Q329205
Q746193
Q3274
Q93358
Q1527
Q5938293
Q6204090
Q26476
Q49246
Q55594613
Q55594756
Q55594764
Q5889354
Q14445110
Q5252407
Q559273
Q9633268
Q810999
Q1154826
Q2984481
Q187805
Q3497711
Q4655720
Q7861786
Q9244203
Q3499428
Q107137161
Q1755731
Q4733402
Q11822840
Q10740999
Q16967909
Q3709604
Q1017855
Q313820
Q3320923
Q503264
Q6123411
Q7108500
Q935983
Q8846201
Q8846194
Q3912134
Q16215419
Q17370766
Q70875806
Q20352394
Q2866365
Q83893944
Q10294424
Q11771631
Q69753766
Q9189028
Q253419
Q10018237
Q22882906
Q644002
Q19692229
Q5623336
Q17100510
Q8502951
Q586975
Q615625
Q653050
Q9490625
Q2074301
Q18921788
Q110819147
Q311181
Q44606
Q6731915
Q27888813
Q2928498
Q9508855
Q9241113
Q2872512
Q110621930
Q1908818
Q5229452
Q15743851
Q5092451
Q7613592
Q26042392
Q1202
Q2795
Q25190515
Q7328382
Q98843745
Q5096566
Q22896644
Q25449591
Q6963798
Q1495025
Q9604564
Q16549969
Q8685918
Q976573
Q6188299
Q106767429
Q2086125
Q7303073
Q2672173
Q3543617
Q16989112
Q5104856
Q7907162
Q189960
Q5105997
Q639452
Q26384
Q985993
Q538543
Q7532764
Q426198
Q65210301
Q7304486
Q7314466
Q32602262
Q245296
Q5115263
Q20341937
Q17150040
Q16732185
Q19957522
Q5980413
Q214990
Q482964
Q484885
Q32486951
Q11140654
Q11237485
Q11580949
Q11397498
Q11589468
Q11624045
Q132720
Q9535706
Q9289351
Q7229599
Q6249503
Q724158
Q106497541
Q6688760
Q980861
Q4806691
Q1647258
Q3508343
Q3508496
Q3515546
Q8271075
Q4913068
Q106450818
Q4760174
Q499887
Q106884
Q57027012
Q3213481
Q75045118
Q75046007
Q120785
Q4157245
Q4461313
Q268873
Q7172707
Q9116612
Q6175987
Q6343215
Q743793
Q128295
Q1136765
Q16217251
Q4716780
Q6832700
Q6844586
Q3342413
Q1139496
Q4758611
Q5384902
Q3480277
Q7309727
Q5463646
Q5131496
Q9918833
Q4977617
Q9522065
Q2745103
Q7562503
Q107300818
Q30930269
Q924104
Q61747587
Q158423
Q2051231
Q2984359
Q5817611
Q5047591
Q153071
Q7808592
Q28372645
Q25754417
Q5442906
Q1251844
Q12633273
Q12638355
Q3502436
Q10313834
Q9601360
Q48344
Q13513003
Q10544320
Q3701658
Q3852328
Q5990794
Q746828
Q55959661
Q8980324
Q1163942
Q7811158
Q9612650
Q19666576
Q16220934
Q3520381
Q15076589
Q6451210
Q49169
Q12481643
Q7568
Q16730343
Q1326376
Q939131
Q18528852
Q105757378
Q11964483
Q11974090
Q11983581
Q17093661
Q43190321
Q5260626
Q878410
Q65945901
Q65945959
Q65946043
Q25777164
Q18469096
Q3560818
Q32540679
Q4960830
Q1183799
Q5095384
Q497759
Q822401
Q8358278
Q9433145
Q1002645
Q125847
Q4662240
Q13470470
Q7182222
Q1755959
Q594126
Q2878315
Q1709774
Q1099100
Q169717
Q482519
Q482783
Q8560270
Q20372313
Q6606764
Q15900651
Q697466
Q262828
Q6797033
Q6902679
Q704318
Q9112321
Q9182417
Q9321221
Q9509691
Q7229653
Q3639815
Q20339591
Q5225362
Q493261
Q505834
Q4878865
Q6173472
Q50816
Q7771640
Q823107
Q7336341
Q6837150
Q5086548
Q5664302
Q6166991
Q805451
Q5805805
Q1277055
Q7613574
Q5187901
Q321064
Q1494842
Q5140408
Q1494
Q19190659
Q16115061
Q5189776
Q4973454
Q16867404
Q1873781
Q5106209
Q31358769
Q25245473
Q7322547
Q1242349
Q500879
Q6347092
Q22959141
Q3032375
Q16992036
Q2019307
Q5684030
Q5237307
Q7181876
Q7542
Q67025348
Q456306
Q460852
Q4976616
Q798680
Q2633803
Q6896635
Q99674175
Q4760606
Q854844
Q2222883
Q106485100
Q106485294
Q106485318
Q11774984
Q12044313
Q12059346
Q5415195
Q81918586
Q84991116
Q95079761
Q95179941
Q95181859
Q96079672
Q106633001
Q7898567
Q3808122
Q70
Q7371865
Q105771385
Q5207350
Q111224527
Q16224846
Q5285103
Q3942015
Q4857559
Q656155
Q5231074
Q16545806
Q1158129
Q60755069
Q7384138
Q49227
Q46976
Q363490
Q5229585
Q49190
Q6678889
Q77839726
Q279000
Q3988300
Q27814168
Q4162199
Q1141514
Q1349702
Q6520333
Q15272501
Q8614792
Q34853672
Q34853695
Q34853716
Q34853733
Q34853752
Q34853773
Q34853794
Q3480973
Q17011736
Q7704997
Q7803301
Q6481012
Q12060864
Q5127589
Q19872591
Q844008
Q141810
Q4962203
Q16734711
Q6567315
Q5121414
Q8372778
Q828712
Q9603760
Q7769831
Q16968130
Q918008
Q7077691
Q7512826
Q5228497
Q380381
Q103821104
Q5105941
Q6261420
Q6775133
Q6962232
Q7088281
Q55958028
Q2293089
Q2527738
Q4980907
Q7362023
Q5240615
Q18598
Q5231035
Q7734359
Q8847764
Q16949987
Q7142713
Q17001982
Q16208285
Q9632878
Q1174604
Q675241
Q620679
Q829725
Q6739944
Q5509246
Q2199948
Q6171911
Q2267609
Q17410996
Q16215533
Q7753135
Q172713
Q10955118
Q225795
Q11702904
Q1395319
Q16990650
Q19961836
Q3409948
Q9148557
Q754664
Q13360878
Q623715
Q55304902
Q3607809
Q5518087
Q4936717
Q383434
Q181962
Q4703744
Q6257264
Q7801485
Q7576136
Q16215867
Q2666217
Q4777741
Q1182111
Q1786919
Q379499
Q485231
Q660835
Q672432
Q839149
Q908396
Q908712
Q2304485
Q617188
Q20375812
Q7855717
Q13424380
Q11255801
Q17151258
Q7392802
Q8038866
Q298694
Q313138
Q320167
Q336924
Q361657
Q733198
Q733802
Q969016
Q7825628
Q7370948
Q1451232
Q27865658
Q17151222
Q27865636
Q7059
Q7641955
Q5138983
Q10335713
Q19880668
Q2056601
Q4717852
Q7385152
Q185828
Q43432
Q976991
Q9461874
Q106754799
Q1376400
Q9633092
Q5708640
Q47983
Q6131487
Q5211910
Q739681
Q47716
Q21063711
Q24242607
Q5451064
Q555131
Q2754371
Q4390324
Q6788783
Q32611297
Q174224
Q2085924
Q4157273
Q3180104
Q6296743
Q5218629
Q504505
Q7743115
Q5275295
Q3029904
Q27670316
Q14146375
Q5380598
Q18353700
Q19473839
Q86374190
Q12525271
Q12525276
Q14917393
Q7821605
Q17058459
Q65664448
Q5477405
Q44144
Q5486651
Q7139352
Q2414193
Q10265509
Q38342065
Q315711
Q323814
Q2123
Q2417176
Q7800736
Q9640897
Q26770880
Q652895
Q418154
Q4778845
Q59295771
Q6386809
Q5013457
Q6755647
Q11192496
Q76728914
Q76729752
Q76514184
Q21585355
Q4740277
Q5758257
Q108470148
Q5505783
Q10035326
Q3959048
Q7462857
Q465610
Q467621
Q2391539
Q5349857
Q1072712
Q6943685
Q7865596
Q53804205
Q53804471
Q5281243
Q4947417
Q1277579
Q3709354
Q6016689
Q4795538
Q6270822
Q2040546
Q6146999
Q3091499
Q5178638
Q7768198
Q578393
Q27001
Q20671103
Q3338963
Q15806101
Q5282774
Q1087213
Q3712003
Q738353
Q5183689
Q494711
Q6406260
Q5692300
Q7177156
Q2079944
Q7307828
Q18467739
Q2352011
Q8475918
Q1293366
Q7710129
Q7742868
Q1443688
Q7028487
Q503209
Q9411879
Q7488301
Q9154130
Q19858637
Q111043931
Q6880812
Q5315628
Q628151
Q1736327
Q20358109
Q34856217
Q34856240
Q34856256
Q34856279
Q34856294
Q34856313
Q5298922
Q5394352
Q10477353
Q5813859
Q265
Q269
Q42383722
Q5300295
Q20358642
Q12339069
Q68823470
Q127330
Q1393149
Q1756191
Q598894
Q8848858
Q9584711
Q1429029
Q111080017
Q9993786
Q64896536
Q3615437
Q971027
Q20358920
Q44952
Q5305322
Q7812446
Q16816058
Q372278
Q2315839
Q6231055
Q1088629
Q5767357
Q5306196
Q6826917
Q7645324
Q7624424
Q6790119
Q7093149
Q6397832
Q20373962
Q7761451
Q13562002
Q2295075
Q4310868
Q9584798
Q6960856
Q831239
Q730090
Q32861667
Q506554
Q5615683
Q50853082
Q552523
Q525723
Q6772452
Q16408042
Q5959018
Q86538566
Q12605214
Q12583269
Q12619805
Q10094898
Q96387788
Q3709414
Q1138927
Q5228698
Q3296165
Q7179713
Q225292
Q6713784
Q3048168
Q21872739
Q6147860
Q3182203
Q5533779
Q5111929
Q1001905
Q2235532
Q1647656
Q7537474
Q5181618
Q5329656
Q5460099
Q49219
Q9652644
Q504678
Q5233743
Q1744327
Q6675332
Q6812700
Q5535736
Q514109
Q1161132
Q10740984
Q3709413
Q212089
Q450400
Q65624068
Q1172455
Q1470689
Q1475573
Q1755004
Q179258
Q473363
Q672409
Q934042
Q938922
Q938951
Q9139305
Q10348918
Q11727929
Q2609800
Q62025322
Q62026324
Q7883598
Q5216826
Q79424
Q213474
Q65073135
Q19873343
Q59685434
Q31423201
Q79
Q85
Q39993894
Q997431
Q1356898
Q21932076
Q7332137
Q18688271
Q11866887
Q5389098
Q10117923
Q2532089
Q80441523
Q18633162
Q18633344
Q6471202
Q1054844
Q6162259
Q2713847
Q7720308
Q6788461
Q8846795
Q909119
Q3570024
Q899215
Q11455006
Q24870829
Q38277797
Q1583707
Q1151421
Q6957371
Q5874846
Q2278204
Q9658675
Q752
Q9658686
Q7099753
Q5261770
Q2639647
Q25041928
Q1154155
Q1567721
Q786815
Q5208253
Q7683709
Q5037903
Q1873483
Q14440416
Q6692543
Q3523726
Q10058897
Q5409070
Q15810914
Q11325235
Q5370082
Q778539
Q337084
Q5323517
Q26186195
Q8412318
Q1373629
Q79232409
Q15095
Q6183970
Q613988
Q2557820
Q8414853
Q7398395
Q4820666
Q1186830
Q9539127
Q2930133
Q5091573
Q84032026
Q2667562
Q16197153
Q9667063
Q5534064
Q9121471
Q6179314
Q5384918
Q1650129
Q3544547
Q3545252
Q3545335
Q9900292
Q986
Q7331855
Q457334
Q5594413
Q18996255
Q4353407
Q5394362
Q449112
Q1017
Q32542774
Q16267255
Q17198333
Q4043543
Q25810714
Q32599017
Q2327957
Q16991839
Q16659201
Q616679
Q5173555
Q11957960
Q11967929
Q17097541
Q19270543
Q19270568
Q600313
Q237839
Q3737524
Q3744137
Q4199477
Q9418047
Q413427
Q10002
Q6689574
Q30594055
Q4721767
Q13392172
Q9721066
Q5402725
Q8424997
Q266640
Q2985086
Q72724140
Q16855294
Q2032843
Q706371
Q72694704
Q3757031
Q3995
Q16996293
Q5056973
Q5349062
Q6143558
Q15436878
Q1585801
Q489579
Q5106117
Q395103
Q5112463
Q107325252
Q9946147
Q298838
Q211754
Q77977295
Q16549967
Q3848058
Q55687080
Q32471825
Q7185694
Q7111635
Q5437063
Q7823357
Q9686902
Q17479301
Q5433036
Q5335819
Q490744
Q359787
Q105696453
Q267213
Q506232
Q55963793
Q452357
Q930321
Q894079
Q496886
Q4760913
Q20341253
Q9257696
Q613593
Q1346160
Q2141779
Q2920437
Q1649847
Q2097722
Q3110205
Q7406350
Q7977491
Q9470667
Q3709440
Q1077347
Q1121211
Q15501719
Q16146164
Q16198364
Q22278425
Q2380003
Q2400604
Q241715
Q25350026
Q3807956
Q3808492
Q3809736
Q3898020
Q3967703
Q4679180
Q4817816
Q5066364
Q5108352
Q5220686
Q5386623
Q54313722
Q57180888
Q5932664
Q6383411
Q6386223
Q7350088
Q7436438
Q746487
Q7606013
Q945083
Q961217
Q8577686
Q20824587
Q5388471
Q19957719
Q17222466
Q7041577
Q15486220
Q23883936
Q6200426
Q8849008
Q7302378
Q4980725
Q18155227
Q12283629
Q12292629
Q12280665
Q12281019
Q12290585
Q12289037
Q12294012
Q12297444
Q10112802
Q1240415
Q7365874
Q65020266
Q4095780
Q20348755
Q3176338
Q7615616
Q55840197
Q7940206
Q8960830
Q6208117
Q17075477
Q4864047
Q17100401
Q5690124
Q1089738
Q5434476
Q6318014
Q25280
Q744102
Q11869451
Q23542658
Q6848702
Q769446
Q19319853
Q375314
Q3835952
Q6767232
Q2350637
Q435681
Q416136
Q4816467
Q305057
Q1003649
Q1462969
Q2620121
Q1338197
Q3307972
Q3400992
Q6985
Q77851945
Q17113323
Q5113082
Q7576109
Q5447749
Q6796229
Q5017424
Q7060677
Q7992253
Q6913002
Q502998
Q7984924
Q16962070
Q17041453
Q4764019
Q5214306
Q2379091
Q34817734
Q141977
Q5001706
Q11343841
Q11222116
Q11383642
Q11617099
Q2367580
Q88189504
Q95995415
Q9616240
Q8772519
Q6457549
Q4714233
Q845619
Q16107267
Q5529808
Q5358864
Q5459850
Q110950135
Q110949494
Q5030153
Q715404
Q717568
Q924486
Q4841596
Q20267367
Q2680789
Q18206610
Q10879666
Q64994543
Q6167390
Q5368359
Q3037324
Q471687
Q22959258
Q7147898
Q6319531
Q5151449
Q7438855
Q736834
Q367285
Q22716997
Q322099
Q19609819
Q167394
Q5352159
Q56641793
Q42886881
Q56641344
Q4764777
Q9527382
Q5273763
Q6195040
Q1346192
Q211950
Q24241579
Q5183553
Q5721876
Q20749346
Q2019960
Q108177547
Q99673074
Q395793
Q3486598
Q12036790
Q6149089
Q6695630
Q9512382
Q9456320
Q6773688
Q26436127
Q5305294
Q6146957
Q5641439
Q3550456
Q7937485
Q8302797
Q2337139
Q9558074
Q27986619
Q600868
Q2271901
Q9014951
Q16728174
Q9561693
Q5490594
Q1280897
Q1016311
Q25378
Q25658
Q25971
Q26009
Q288171
Q743852
Q1337169
Q10295153
Q30605900
Q9667739
Q189043
Q10288495
Q5582449
Q809
Q22886460
Q11725406
Q9445885
Q20318304
Q1076747
Q6066866
Q7602560
Q16150339
Q4496088
Q25777896
Q5503207
Q8474734
Q84562532
Q5238408
Q5695160
Q9181676
Q20365537
Q7493356
Q5039199
Q5228259
Q23007933
Q5281071
Q5232799
Q3623613
Q1030194
Q16214808
Q3754814
Q29581587
Q3807412
Q4679437
Q2705919
Q59524140
Q994800
Q7375135
Q23761280
Q1512244
Q4869881
Q3045872
Q28373369
Q844837
Q1430700
Q2130271
Q1025065
Q5090427
Q5304300
Q704757
Q22849904
Q4052123
Q2422859
Q3055372
Q4357665
Q61823801
Q9158049
Q55306014
Q5521881
Q2801595
Q1567032
Q1094947
Q1969856
Q3547262
Q6845517
Q1036027
Q30900578
Q3709488
Q3644513
Q7172318
Q1753280
Q9641385
Q1946231
Q67311417
Q7388645
Q7352877
Q380531
Q4935625
Q5132647
Q15526950
Q6084163
Q32727723
Q1544942
Q103889
Q120730
Q56514940
Q950671
Q19795
Q39048708
Q6702928
Q16013820
Q1513764
Q80599
Q3135438
Q15278833
Q860068
Q501785
Q3035982
Q3525530
Q1146602
Q326281
Q5273533
Q591591
Q16214051
Q6718478
Q103815740
Q113537
Q1825205
Q2602306
Q6514021
Q7656185
Q513963
Q6743859
Q6794768
Q5529480
Q7111821
Q4906098
Q5113004
Q19008831
Q6184355
Q342043
Q7348940
Q3434162
Q100332354
Q2333174
Q114489
Q838269
Q652101
Q7643034
Q73039659
Q9008485
Q25458342
Q5575567
Q3414893
Q2964857
Q21525592
Q3544433
Q7379609
Q322210
Q18630719
Q20324160
Q1159089
Q129653
Q627970
Q1036
Q16752013
Q985515
Q96009642
Q8969042
Q20342537
Q4705178
Q5153501
Q1341612
Q29915256
Q168308
Q5593692
Q7172278
Q6512603
Q7541132
Q1288404
Q5473217
Q4540047
Q597842
Q5204852
Q7863781
Q109453496
Q109453542
Q109453627
Q109453658
Q1375809
Q18325479
Q4811478
Q5314293
Q5325853
Q7052334
Q99678035
Q99690139
Q8851805
Q20852320
Q167155
Q43304311
Q89422955
Q7043985
Q426687
Q17294291
Q56398063
Q2960818
Q891919
Q63139074
Q97020067
Q97020079
Q9281240
Q5528097
Q2845157
Q7293639
Q5622345
Q4405477
Q7045428
Q1034643
Q8001507
Q52195160
Q56678481
Q5106612
Q497957
Q104218123
Q5561557
Q5729542
Q6054235
Q957627
Q75713
Q7562083
Q6846572
Q111335923
Q1144366
Q6875922
Q106928620
Q106928689
Q106928707
Q106928724
Q106928829
Q106929013
Q55623
Q1672398
Q348907
Q6154655
Q6941462
Q7680204
Q20810597
Q97120351
Q6198981
Q5607661
Q831332
Q3029868
Q5169794
Q820235
Q5469505
Q10020396
Q425821
Q1198
Q9558736
Q296440
Q25392206
Q99196790
Q99198031
Q1315728
Q178391
Q639342
Q9135066
Q19974445
Q1190
Q55306405
Q16017891
Q17620501
Q1814837
Q3521244
Q5892835
Q7925028
Q21261547
Q273055
Q2630791
Q571941
Q61937449
Q10147375
Q5107375
Q5451080
Q5222275
Q377620
Q106906908
Q106906967
Q110629550
Q10084392
Q14440421
Q14905538
Q2532637
Q8621814
Q8621812
Q16730728
Q23894702
Q3104
Q55306434
Q5893231
Q16213724
Q297462
Q9562709
Q11192845
Q3809382
Q576257
Q3134980
Q5338744
Q276620
Q9655045
Q15548291
Q4963159
Q6789298
Q3296208
Q1707
Q203254
Q2009813
Q10796790
Q2081550
Q1857507
Q2347915
Q612846
Q838994
Q924256
Q15096951
Q826048
Q9121358
Q17781596
Q5597812
Q100710557
Q105930
Q56520149
Q65126523
Q67072
Q683741
Q76006
Q7784187
Q9447664
Q3905
Q9502088
Q5087927
Q3014
Q14334503
Q4013954
Q668447
Q2760949
Q9048938
Q22889187
Q347120
Q11740261
Q16620199
Q7226044
Q103427453
Q11713966
Q11720172
Q11720589
Q11721031
Q11742748
Q11749076
Q11817841
Q240018
Q9153753
Q9359306
Q9376535
Q9536616
Q20362450
Q9540155
Q28564058
Q97765773
Q1230862
Q108928203
Q1626593
Q3017243
Q65482830
Q462799
Q8299453
Q2416307
Q14619407
Q7653637
Q753819
Q7653646
Q5213186
Q8835246
Q9134256
Q7735898
Q4717713
Q8847880
Q19872680
Q7719367
Q3182835
Q3065138
Q3512563
Q16954290
Q44868505
Q3233924
Q270873
Q593851
Q632678
Q13360995
Q4774175
Q377813
Q9528686
Q665489
Q19760629
Q7539071
Q253695
Q32728373
Q7678078
Q28224660
Q7634897
Q575444
Q32782135
Q7447797
Q777429
Q20333333
Q20362558
Q167635
Q6349383
Q13278516
Q3811600
Q784496
Q7035251
Q805044
Q737029
Q3791573
Q6314074
Q4929805
Q75837464
Q1689075
Q55306635
Q211464
Q12293342
Q155119
Q6267237
Q131320
Q102443853
Q102443887
Q11960533
Q18844357
Q77289750
Q47178816
Q56509567
Q84084656
Q10715830
Q11963567
Q21817309
Q4760892
Q110778125
Q6838351
Q9684003
Q111471
Q426785
Q5136733
Q755901
Q22884244
Q19632283
Q18590779
Q106044620
Q11729708
Q11765985
Q20029820
Q2920083
Q4764433
Q6110668
Q6318621
Q85858908
Q7620432
Q25043432
Q6451144
Q7540779
Q6870071
Q1077763
Q2312103
Q21203
Q7741624
Q372820
Q8848274
Q7041641
Q1252394
Q15490626
Q210985
Q2263122
Q16217334
Q17420637
Q11738770
Q4102189
Q17477395
Q3809917
Q8621468
Q108169935
Q8280676
Q25094849
Q22265466
Q2107050
Q597261
Q10520841
Q1266730
Q3314869
Q436150
Q527834
Q723826
Q968955
Q8393070
Q18393770
Q19593553
Q6496377
Q6496471
Q6753552
Q2545615
Q3291768
Q3638678
Q6299117
Q8607083
Q477142
Q22733531
Q1471478
Q449077
Q13328833
Q2265354
Q7505566
Q4985049
Q3181267
Q5790366
Q1079105
Q8284981
Q111058009
Q25213885
Q11292206
Q3438085
Q1349573
Q16730451
Q2406622
Q2642254
Q282257
Q3097555
Q3528658
Q8258899
Q9041706
Q7112097
Q12324282
Q12341424
Q3905463
Q10192510
Q6953855
Q18997543
Q11872841
Q18688264
Q11850363
Q11865946
Q11866098
Q11882538
Q4349527
Q4418441
Q99230372
Q99232247
Q20348483
Q362056
Q371745
Q7102152
Q921469
Q291286
Q20687581
Q389722
Q4953892
Q58213259
Q58213472
Q58213497
Q58213532
Q755559
Q22087173
Q238941
Q179424
Q285254
Q15815706
Q6263724
Q7408034
Q42042
Q3030107
Q13349761
Q14445998
Q58449
Q66473957
Q54805543
Q6037162
Q605596
Q14333819
Q73279257
Q2087732
Q236560
Q7582750
Q298077
Q723000
Q20349741
Q5139912
Q289569
Q3939268
Q7519623
Q8002855
Q12083863
Q1701894
Q5151790
Q41254
Q680685
Q126843
Q5720103
Q6723963
Q6844096
Q15876436
Q1531062
Q6715697
Q413416
Q5709830
Q34713
Q55307080
Q1908566
Q5429695
Q575651
Q283584
Q260570
Q4753799
Q5882730
Q5928380
Q6235978
Q964028
Q7172969
Q8523569
Q3307225
Q23988347
Q7331406
Q4229271
Q59315199
Q59315284
Q5224990
Q2003347
Q7582215
Q105488327
Q181991
Q3108829
Q5106399
Q8807633
Q8807626
Q6163562
Q1406927
Q3437096
Q16186543
Q553264
Q6145808
Q6201470
Q6769208
Q6847994
Q7436482
Q2525913
Q19768394
Q7631503
Q2631800
Q8823391
Q8823386
Q24576272
Q399
Q2783955
Q7722036
Q7612692
Q782788
Q7945083
Q28224215
Q4155050
Q4978498
Q507903
Q6054720
Q65623763
Q841247
Q144792
Q6829462
Q61919389
Q61919390
Q60761283
Q2077188
Q2742575
Q4962222
Q5115751
Q1058521
Q16264202
Q17223309
Q2117614
Q2477774
Q2736157
Q3306144
Q5496677
Q6297647
Q12370437
Q2712027
Q5229778
Q65561520
Q5942034
Q2440093
Q2563701
Q5208031
Q390321
Q7681577
Q22884133
Q224265
Q9514567
Q17856
Q2319863
Q9246
Q6573695
Q5946417
Q711
Q5947019
Q20053613
Q5661346
Q5680078
Q6037624
Q9367831
Q29950224
Q782295
Q108273467
Q20375698
Q8039234
Q21552648
Q16610650
Q16714979
Q1989069
Q510310
Q108458843
Q107604053
Q224308
Q2252270
Q1695023
Q202973
Q3897
Q7812481
Q6871037
Q32563956
Q5608343
Q23090
Q16492175
Q309442
Q452706
Q52607
Q16019324
Q77948209
Q12002765
Q11979916
Q1951830
Q10082916
Q6706565
Q59212170
Q5985603
Q6141342
Q5863630
Q5340753
Q6188700
Q9015688
Q8872350
Q7907931
Q13587857
Q6075438
Q6991340
Q7744693
Q4933937
Q95595181
Q2233907
Q6127498
Q2550488
Q18392415
Q863049
Q101423873
Q10741035
Q7715513
Q117249
Q356986
Q539944
Q546035
Q554422
Q8846443
Q1063385
Q2003581
Q2734855
Q926142
Q8846437
Q97345297
Q948
Q109257282
Q25350449
Q55392331
Q4974436
Q3177666
Q2028824
Q1166528
Q5426520
Q5002952
Q101072047
Q643907
Q9423289
Q9002921
Q452870
Q398759
Q1319893
Q11200013
Q3541635
Q3195000
Q3454081
Q13547
Q18996457
Q11898091
Q16298195
Q16990944
Q2879672
Q85203999
Q99543796
Q99543784
Q292301
Q8152318
Q5254984
Q6034109
Q100142635
Q5292515
Q4149559
Q6690748
Q221546
Q1011205
Q167718
Q3142425
Q1409153
Q275878
Q234
Q505557
Q2467799
Q6124928
Q7280529
Q922830
Q4886016
Q5606497
Q7123077
Q211484
Q1250090
Q1071244
Q16201240
Q6347330
Q746923
Q6266065
Q3089781
Q10018091
Q29915372
Q3192614
Q79957
Q3339003
Q6649107
Q79700
Q52569013
Q16864466
Q1933097
Q7773275
Q488603
Q41780
Q1262889
Q6773400
Q1002465
Q207218
Q6348843
Q921176
Q98457211
Q529165
Q1113311
Q4924487
Q1167649
Q55307628
Q6347148
Q590978
Q984410
Q56034598
Q10106529
Q3528315
Q6306273
Q5427614
Q557643
Q6347410
Q19417
Q3734748
Q5960061
Q7611733
Q107393508
Q6777590
Q7613450
Q65624321
Q17100573
Q87386753
Q87388971
Q22886011
Q13479711
Q2941198
Q10150699
Q5593871
Q102288499
Q11395371
Q11477478
Q11632601
Q11661877
Q55307683
Q28153981
Q2576428
Q6137546
Q6203954
Q6683255
Q3539119
Q1421389
Q40743781
Q40743793
Q13413885
Q16860915
Q3499165
Q9480428
Q7356150
Q1539053
Q4450070
Q4122063
Q4315658
Q6445018
Q764754
Q6442712
Q3807500
Q4734519
Q711920
Q7154444
Q324905
Q3938964
Q21062564
Q3805
Q8848944
Q1035101
Q1351202
Q548060
Q180756
Q109980901
Q2870588
Q2997291
Q3261244
Q3430935
Q737578
Q185125
Q108555528
Q49879621
Q127877
Q6166574
Q794724
Q209939
Q3985629
Q1060829
Q520062
Q24057292
Q16298737
Q16300554
Q16582254
Q9032896
Q32473124
Q57213
Q9648885
Q525625
Q24236097
Q2030899
Q225620
Q18468773
Q1382886
Q3134685
Q32555579
Q5770195
Q1057893
Q16231291
Q63946
Q2041480
Q4884977
Q3194251
Q3431784
Q15951162
Q107303496
Q25751213
Q132433
Q9419619
Q7461044
Q17370385
Q96391182
Q21036120
Q25254882
Q25254883
Q25255696
Q3571647
Q3862972
Q153172
Q126898
Q240554
Q123376
Q310116
Q66175
Q1274954
Q2388966
Q62565799
Q78378629
Q936183
Q40744100
Q40744115
Q3807774
Q19609617
Q506325
Q4549705
Q20788445
Q6771968
Q223794
Q5014369
Q2153794
Q55957480
Q9446126
Q7415736
Q49239
Q378072
Q6174436
Q3294125
Q40744189
Q40744200
Q506586
Q8565168
Q18998097
Q18999130
Q19000340
Q19161935
Q19162226
Q19162430
Q9103942
Q18176287
Q84867195
Q84867221
Q5277255
Q1635175
Q509757
Q6134496
Q9770181
Q107447274
Q3103859
Q463517
Q2992193
Q619328
Q26241156
Q7113602
Q49892297
Q67703
Q263496
Q107433845
Q18364301
Q4780528
Q8257278
Q8257275
Q109048
Q6195249
Q4758901
Q48791825
Q107261291
Q39060862
Q23890980
Q1958951
Q319708
Q4056723
Q4495046
Q201022
Q6774721
Q16683273
Q2542880
Q337463
Q4721074
Q28055770
Q13244101
Q23562542
Q7366902
Q5675279
Q983840
Q134346
Q6245167
Q51917348
Q22116917
Q3237252
Q37762250
Q11852153
Q11892201
Q11898865
Q20736893
Q639554
Q951663
Q20254797
Q849934
Q9781268
Q4721395
Q2307508
Q14448313
Q2292223
Q258898
Q38981452
Q38981438
Q4162189
Q3445500
Q8498479
Q9461515
Q5278638
Q9642109
Q17456325
Q6151009
Q2316428
Q8561824
Q8561822
Q14375278
Q26848
Q3709592
Q2465087
Q2572410
Q8237674
Q13434773
Q395681
Q8025283
Q3061854
Q228899
Q3023232
Q935864
Q8085066
Q507541
Q572093
Q8085072
Q953768
Q18593
Q3709450
Q15714756
Q20533562
Q3399602
Q10124093
Q4162179
Q973755
Q8390450
Q6166078
Q7445819
Q5241182
Q5292860
Q6768111
Q7173356
Q7327522
Q842065
Q1205706
Q576296
Q20916650
Q20945293
Q55632937
Q14550285
Q3727812
Q5352733
Q6409466
Q869156
Q9438015
Q614483
Q106036126
Q10857590
Q12025565
Q12037908
Q1889853
Q24343623
Q9506664
Q9041580
Q6828294
Q12588824
Q32706927
Q7124262
Q61374629
Q837222
Q6266210
Q10015980
Q4648990
Q5494856
Q40744816
Q40744828
Q5221163
Q4083207
Q7743405
Q11256787
Q11666694
Q4739774
Q228728
Q16096585
Q5465592
Q15830404
Q766240
Q11866919
Q11867771
Q16159051
Q16989048
Q5494368
Q772826
Q99055611
Q99054848
Q110491971
Q3703633
Q47491382
Q105319013
Q4808873
Q400765
Q8302484
Q8302488
Q17126386
Q7995530
Q7770763
Q1631844
Q3180994
Q329036
Q3308680
Q9535876
Q9584844
Q9078
Q351687
Q4992261
Q16349733
Q20566345
Q537529
Q179830
Q4405892
Q22886876
Q1767619
Q19198
Q2454497
Q4519534
Q60561821
Q7765519
Q13739108
Q1358354
Q563517
Q591153
Q713939
Q5605221
Q7272963
Q489197
Q6419939
Q638931
Q9530886
Q207815
Q5153118
Q400029
Q102036428
Q1922785
Q4363178
Q4964512
Q5774723
Q15809860
Q59522
Q1294100
Q1705347
Q20352944
Q353400
Q7811872
Q5242498
Q7803504
Q6873149
Q19277300
Q269500
Q8358696
Q1020776
Q9433184
Q6210262
Q674583
Q29915152
Q5462755
Q20373586
Q16562106
Q3885844
Q980361
Q7153372
Q41057
Q7818083
Q479190
Q18637239
Q3870
Q5665848
Q6204994
Q17008708
Q6076617
Q25262438
Q104217575
Q118521
Q897522
Q210140
Q372882
Q359303
Q14387521
Q27619
Q1612
Q3452134
Q1718778
Q20053736
Q10998977
Q1426500
Q7860889
Q2633016
Q379250
Q13350748
Q2665906
Q52416771
Q11896399
Q16991469
Q2679637
Q30174472
Q189710
Q4786616
Q100606074
Q784211
Q7740233
Q96099520
Q783210
Q3050704
Q471783
Q3029914
Q9675020
Q6349249
Q1026652
Q11787456
Q878304
Q3541038
Q14440559
Q55308288
Q110627606
Q12004274
Q12716697
Q23878186
Q63583664
Q6514719
Q9652615
Q24815
Q107339958
Q9982526
Q51591711
Q5224561
Q3180470
Q9531261
Q1176972
Q15501601
Q18424348
Q11852523
Q3156997
Q3930681
Q98576392
Q2415590
Q110256088
Q2091210
Q57242368
Q6381421
Q22887463
Q98274940
Q10113862
Q57642
Q22892004
Q11232178
Q6834170
Q838785
Q5048254
Q23664365
Q1795153
Q15091940
Q81328163
Q2900
Q6265372
Q107704102
Q486877
Q6778887
Q1738987
Q726170
Q584815
Q1051735
Q754
Q110245079
Q47820034
Q3492567
Q6272731
Q9609307
Q104905694
Q3263844
Q24979251
Q5352334
Q4581290
Q4974018
Q141590
Q369820
Q5112849
Q1793367
Q1803842
Q4973372
Q1827782
Q7666555
Q15972838
Q40745107
Q40745121
Q5176725
Q11330125
Q19664341
Q110825622
Q5110870
Q5107546
Q105696087
Q1965416
Q1967070
Q4144021
Q9672322
Q6342876
Q20342512
Q139649
Q4909513
Q1254464
Q4685015
Q579848
Q6687105
Q5364647
Q1099094
Q374843
Q55308426
Q20053741
Q1756780
Q6320199
Q6416755
Q24064
Q310941
Q17009093
Q6417462
Q12152187
Q3030097
Q1141810
Q1141825
Q494676
Q6277055
Q7219477
Q23430
Q9028485
Q15877483
Q5133636
Q4162187
Q453186
Q16196940
Q6845939
Q107484988
Q54576558
Q54576588
Q10253269
Q709640
Q22888124
Q1223608
Q105940014
Q9353276
Q11309425
Q11425079
Q11432060
Q11488750
Q11533351
Q11646853
Q11646893
Q3548734
Q85879084
Q10252289
Q1531622
Q22886657
Q8032562
Q2348704
Q2357214
Q9522789
Q7217637
Q7773344
Q3086822
Q555426
Q8579122
Q5475389
Q17386662
Q17006202
Q110585469
Q16585297
Q4115712
Q21868736
Q7567226
Q19826029
Q6433451
Q1689335
Q606294
Q7272886
Q17938
Q176791
Q1134531
Q4021424
Q4699477
Q4813369
Q7016547
Q11770725
Q147410
Q18390793
Q6491231
Q709454
Q74113934
Q7498806
Q80920399
Q852673
Q32190385
Q240650
Q1083248
Q6696925
Q368469
Q179026
Q7840364
Q17096643
Q6457209
Q175632
Q817878
Q55308533
Q5584988
Q6067542
Q6890778
Q7626355
Q8637601
Q30287
Q101229090
Q556413
Q81220
Q22895583
Q2913865
Q4693230
Q9593290
Q3328768
Q854
Q2174112
Q2095364
Q3391113
Q9373896
Q24662040
Q11768173
Q11781301
Q2943992
Q6253196
Q9556896
Q5593831
Q6496393
Q21067393
Q6347318
Q5677072
Q5941297
Q16482721
Q3747
Q6265635
Q16300477
Q917487
Q3213242
Q793370
Q19362134
Q1199774
Q9301
Q3415
Q20316577
Q225750
Q863188
Q15631262
Q274049
Q64731
Q72222
Q10999373
Q223841
Q10544900
Q26498
Q9529754
Q7786721
Q13412215
Q3709563
Q3530916
Q13878542
Q735215
Q9294102
Q6490075
Q71129815
Q7067642
Q7516358
Q1650600
Q5729415
Q3048711
Q20338686
Q3284541
Q1389138
Q7317773
Q6437161
Q1361389
Q7650906
Q107423304
Q428656
Q443198
Q1093480
Q18350608
Q6388500
Q649413
Q7150200
Q7437279
Q13269350
Q6824320
Q458978
Q4775423
Q4064683
Q6414164
Q343456
Q4458573
Q487125
Q99472145
Q99472264
Q32772694
Q8574507
Q40329821
Q40329849
Q387288
Q21261169
Q966932
Q16060457
Q93204
Q6566729
Q216108
Q8357042
Q3140001
Q893554
Q7340003
Q6314081
Q5330084
Q1077632
Q205721
Q63885
Q6160098
Q43658636
Q2883872
Q1630490
Q1927468
Q894494
Q25377922
Q19593550
Q262399
Q448704
Q6305259
Q4499081
Q470273
Q3091350
Q24886098
Q55308751
Q11989370
Q2975356
Q5475587
Q2184511
Q21899416
Q6535707
Q15489014
Q56826443
Q6845817
Q1371073
Q4685177
Q4772428
Q506915
Q548449
Q7177458
Q7803678
Q959791
Q10143494
Q179224
Q12861049
Q16364132
Q588311
Q8034350
Q8628609
Q3933
Q991361
Q108304
Q1393583
Q2276375
Q546604
Q879970
Q8912866
Q15634723
Q1092920
Q57581880
Q9523992
Q2917738
Q16730937
Q5180963
Q244025
Q22137306
Q22137307
Q88976020
Q1133611
Q2033344
Q466386
Q344276
Q16362696
Q463870
Q11770720
Q6675052
Q23112
Q19567990
Q3491602
Q17627756
Q10852881
Q11228881
Q87671026
Q11197988
Q1070589
Q11475452
Q11580058
Q17160270
Q18545846
Q18606063
Q2647637
Q2647895
Q2647904
Q2647913
Q2648852
Q2648884
Q2648889
Q2783817
Q2812063
Q2812069
Q2855283
Q2946206
Q5368488
Q851515
Q1076375
Q10847038
Q11238580
Q3285336
Q9418504
Q16559273
Q5550278
Q961018
Q26019230
Q97940594
Q354508
Q87697694
Q20368534
Q55308823
Q62007309
Q1711
Q9133372
Q13630271
Q3295480
Q214237
Q9560010
Q18998798
Q803903
Q9803
Q20742775
Q2525461
Q13413855
Q21065938
Q11891020
Q4354066
Q4357978
Q7088308
Q9286066
Q9362723
Q202158
Q55308856
Q55308859
Q608985
Q20333841
Q5929372
Q11299338
Q24074220
Q24075232
Q24075661
Q24083110
Q24083787
Q24175763
Q24199483
Q24199996
Q3972244
Q504458
Q6135208
Q8526969
Q8526967
Q21992982
Q11812339
Q9508259
Q9228454
Q16318870
Q1724347
Q18620459
Q74100410
Q74101237
Q98551692
Q14808
Q16659138
Q6374315
Q289591
Q1496639
Q194187
Q4309945
Q84825957
Q8696413
Q109915176
Q12253161
Q9972626
Q16016360
Q56008858
Q62061211
Q269864
Q15274249
Q245784
Q3481851
Q6369963
Q28096106
Q2254
Q943804
Q7515992
Q14334489
Q6043065
Q4162206
Q1386868
Q16991228
Q539132
Q9200967
Q1456
Q13910625
Q6676749
Q4735185
Q108603376
Q108603418
Q108603453
Q108603483
Q108603544
Q16324605
Q21180
Q974736
Q1215500
Q119976
Q1465336
Q1649433
Q91988
Q95887864
Q8933771
Q16192948
Q832665
Q442932
Q345462
Q2796235
Q2510985
Q2431602
Q1684560
Q1761148
Q52151444
Q54915058
Q9140801
Q6722513
Q10411486
Q1880653
Q2336319
Q2683347
Q4843436
Q5904439
Q82907
Q8304602
Q8992161
Q20327297
Q5124916
Q66884975
Q736864
Q49879218
Q10132589
Q3046
Q10020278
Q637654
Q108492383
Q20317636
Q7365873
Q8850430
Q29915388
Q224654
Q28407763
Q543545
Q8603654
Q9496950
Q6110543
Q6050064
Q9589918
Q10972461
Q219526
Q104177770
Q104178461
Q6397213
Q203000
Q7420881
Q17100991
Q23103
Q432689
Q3355801
Q208524
Q4062
Q415691
Q5353795
Q506393
Q2736093
Q8946730
Q6658443
Q4912854
Q3835567
Q7171259
Q22905188
Q7306846
Q4661830
Q10114213
Q70918109
Q1370493
Q2491696
Q4924067
Q7819886
Q57083615
Q7273223
Q87378535
Q87378791
Q720359
Q5224817
Q6834369
Q3050801
Q7243046
Q7353124
Q70708
Q23071905
Q269549
Q52885708
Q346374
Q5656384
Q20644002
Q7242120
Q239202
Q342253
Q708007
Q204720
Q9584756
Q6701537
Q6167852
Q1594279
Q5789283
Q982807
Q16211910
Q7969402
Q98751536
Q98751635
Q7130928
Q3326435
Q109651023
Q101157292
Q1627834
Q4790739
Q20344375
Q1933403
Q79918
Q89847983
Q5786179
Q90407354
Q6014828
Q5983183
Q5393053
Q15991724
Q10269524
Q101229410
Q6118518
Q5402474
Q28373497
Q90428197
Q90428666
Q7408166
Q6957403
Q22137270
Q3154245
Q3299687
Q761
Q2439715
Q6108533
Q20376267
Q65067650
Q4831762
Q15878873
Q4969219
Q4762757
Q7384282
Q2823929
Q180272
Q7424654
Q44126774
Q4933459
Q501429
Q5293566
Q6184106
Q7175449
Q6756368
Q6765588
Q867737
Q2026793
Q59579494
Q137568
Q20684739
Q7776753
Q56306406
Q36378
Q1006179
Q3125137
Q5985080
Q6707701
Q6931897
Q644053
Q233129
Q9630563
Q4874848
Q23663948
Q20349447
Q128114
Q10219744
Q4913240
Q100763228
Q12330091
Q1991196
Q47500022
Q28760964
Q1542460
Q2733893
Q7388243
Q3546083
Q4018588
Q2287682
Q13884
Q868637
Q9558348
Q61944265
Q4082
Q9563178
Q4679375
Q5506099
Q15740728
Q4791633
Q4679070
Q426928
Q25751458
Q100761772
Q100762350
Q100762585
Q12319951
Q12332916
Q15818234
Q20353471
Q534141
Q19340457
Q5349973
Q16208394
Q7495332
Q1820539
Q2412463
Q9139361
Q22880418
Q298367
Q3297252
Q6185780
Q106287689
Q9902770
Q7812828
Q4667782
Q509453
Q1246
Q2635128
Q2443861
Q10169720
Q16995186
Q207811
Q722902
Q836386
Q12121124
Q12127625
Q100732675
Q281894
Q444446
Q204385
Q1414130
Q71
Q431591
Q3551294
Q6147092
Q4957089
Q26495
Q21062550
Q50359015
Q5645369
Q438874
Q19788
Q1165347
Q102432085
Q1146031
Q1246759
Q3704645
Q371986
Q8849926
Q8849925
Q6705545
Q1077697
Q490441
Q18999134
Q29513288
Q4353586
Q953181
Q34424
Q108444296
Q21074267
Q32538302
Q106704183
Q1310
Q10147624
Q101383
Q102003
Q111778
Q1221734
Q1270159
Q1278246
Q1305314
Q1357971
Q1391708
Q1502588
Q1602929
Q2163007
Q791844
Q826422
Q873465
Q874979
Q973580
Q6507002
Q55309448
Q5302423
Q1012455
Q5653065
Q641035
Q79762
Q10624252
Q3650721
Q463454
Q554312
Q724463
Q935245
Q8608334
Q8608330
Q403561
Q1843637
Q7799044
Q103828508
Q11977677
Q3815426
Q6396234
Q20367596
Q948071
Q7353418
Q2152765
Q1372602
Q1894166
Q2585538
Q901077
Q7392120
Q6959647
Q1000597
Q17370828
Q7983338
Q8444427
Q22725708
Q998726
Q7704762
Q25383563
Q1501415
Q968338
Q7297481
Q2225757
Q432
Q7286690
Q5236517
Q6171522
Q52431204
Q3849588
Q18378207
Q97276527
Q525977
Q28753715
Q5017341
Q1818909
Q32774107
Q639958
Q1175350
Q20097886
Q105419590
Q5270087
Q7384255
Q3035272
Q32004753
Q7560991
Q6869
Q9896430
Q298244
Q6954704
Q16216712
Q1612997
Q7407894
Q19864132
Q19878953
Q565588
Q4840218
Q11727945
Q9413176
Q1353
Q4943556
Q4827257
Q2442729
Q3437821
Q6114830
Q7769865
Q5585076
Q6821239
Q8757450
Q109378200
Q526897
Q107417229
Q5650856
Q3004
Q16747392
Q1325966
Q1045580
Q59313695
Q59313704
Q888811
Q4181
Q469250
Q605344
Q14334025
Q343915
Q5422393
Q1995701
Q5040696
Q5753881
Q6396273
Q9684218
Q806109
Q8886911
Q17370858
Q7236403
Q7614316
Q23055386
Q12740674
Q18960407
Q30093895
Q9569102
Q2097993
Q22891230
Q6347392
Q9499510
Q17102007
Q21663138
Q5039944
Q7146639
Q7814984
Q24242198
Q6848711
Q42753741
Q1562120
Q2743217
Q13390052
Q1000662
Q19668841
Q4761322
Q2856398
Q3312844
Q55309673
Q40746418
Q40746433
Q28373567
Q979889
Q217667
Q9413880
Q3857860
Q93341
Q94385872
Q541659
Q706697
Q709873
Q7346
Q65625055
Q20330916
Q67898
Q18996698
Q5244556
Q1414286
Q267606
Q304808
Q25015514
Q9632948
Q1130433
Q19703205
Q637399
Q108861694
Q2374484
Q24743241
Q7883826
Q677717
Q17035773
Q2381127
Q6240287
Q11263129
Q1053052
Q1370870
Q9003464
Q9017392
Q9017419
Q307192
Q9423414
Q443418
Q216038
Q14334933
Q25042610
Q10298790
Q1918670
Q2185751
Q7031478
Q9139337
Q9625772
Q7735036
Q18089935
Q7175905
Q1888514
Q5106675
Q266511
Q110385650
Q9524209
Q8056013
Q7959432
Q4865129
Q696209
Q9881467
Q9363631
Q2161902
Q708501
Q28373645
Q28373661
Q7454914
Q677115
Q17101829
Q4444669
Q17277140
Q120226
Q624790
Q4885962
Q3182100
Q16844163
Q3132736
Q5201086
Q651937
Q6712737
Q15293649
Q15906708
Q17385911
Q21005322
Q65505451
Q65505453
Q15403826
Q5431460
Q93352810
Q1635867
Q19668853
Q9415282
Q375390
Q55309840
Q5246536
Q52657398
Q18688964
Q41564079
Q12433082
Q14907515
Q16300182
Q16990421
Q5410577
Q41777913
Q41777905
Q1283316
Q1828035
Q1361870
Q1361873
Q1303685
Q1377890
Q1447902
Q2544626
Q491274
Q527888
Q86728
Q86774
Q8949152
Q12816874
Q3624720
Q487988
Q986210
Q55309848
Q16032212
Q28035288
Q1891160
Q2368282
Q2587680
Q455839
Q39055960
Q17123931
Q16243098
Q16790339
Q51691
Q7777717
Q7926072
Q220176
Q1315256
Q61415
Q9093776
Q20326606
Q108481738
Q108482023
Q4703674
Q5525481
Q6397052
Q105757608
Q635592
Q22724360
Q6776540
Q1110593
Q3323529
Q1186369
Q7973326
Q2699089
Q5211424
Q1788710
Q32431995
Q7375759
Q8273692
Q22886183
Q1430474
Q8871068
Q992665
Q9586260
Q7744123
Q669416
Q14508699
Q501007
Q9139349
Q223194
Q9686977
Q4663370
Q20058092
Q1116106
Q55309905
Q4115094
Q6715629
Q815870
Q11704108
Q1811851
Q261344
Q2746295
Q3311792
Q3780426
Q3780532
Q4891173
Q6838120
Q15310501
Q9413245
Q465257
Q24851743
Q7752399
Q6704309
Q7284056
Q7612630
Q7147546
Q6768505
Q2166633
Q7612446
Q16223106
Q7181870
Q483595
Q6397
Q55309931
Q488833
Q2134965
Q18027328
Q19591484
Q104706450
Q3574495
Q7149914
Q32545656
Q514416
Q6523223
Q670079
Q5619205
Q5214069
Q1544119
Q6687822
Q397054
Q3906822
Q16975457
Q2609795
Q9535574
Q5739407
Q516522
Q5262138
Q6384513
Q8509018
Q6929708
Q453596
Q27745002
Q27745006
Q27745008
Q27745009
Q27745011
Q15493802
Q2732447
Q278939
Q7358318
Q79245
Q16977744
Q499374
Q20155960
Q91611
Q1205135
Q1205148
Q15806987
Q1916418
Q2058559
Q2124569
Q538661
Q1212342
Q1926915
Q75317
Q88979
Q8933756
Q20318727
Q100258
Q108164
Q111318
Q61112
Q73900
Q89496
Q22880553
Q9359148
Q320007
Q18710966
Q6182921
Q79687
Q5277480
Q20327873
Q79987
Q16153447
Q3605008
Q4805416
Q5477673
Q3012580
Q6948423
Q20338175
Q16203919
Q41358
Q1559436
Q2844
Q96027768
Q447801
Q68162224
Q7331768
Q16242387
Q6715067
Q24964864
Q7771188
Q3540444
Q674108
Q10167652
Q48038
Q4679700
Q491350
Q1398058
Q5901511
Q6199558
Q105940065
Q5572776
Q65088262
Q106576145
Q58825265
Q5805853
Q161885
Q44000614
Q44002747
Q20330456
Q6967903
Q1249010
Q940891
Q9217
Q16659233
Q11949530
Q6767228
Q896835
Q6875356
Q38981
Q762223
Q6761695
Q6689617
Q107600223
Q179096
Q443276
Q567340
Q55949062
Q9536827
Q626818
Q1927137
Q3011302
Q9413499
Q698277
Q308661
Q4016553
Q25915488
Q2481599
Q706667
Q706680
Q6769573
Q3535137
Q1735
Q15647980
Q406469
Q107392251
Q7575368
Q49892184
Q1352
Q1524296
Q16169606
Q25735442
Q1160835
Q9720295
Q567947
Q8838150
Q3284758
Q334093
Q6665238
Q264819
Q1321379
Q6479040
Q1476893
Q7007846
Q539156
Q13276705
Q1518623
Q427429
Q97773256
Q9536789
Q20377486
Q4992201
Q535350
Q10900246
Q11136557
Q15903733
Q15925818
Q9292454
Q6848440
Q19362908
Q113589
Q328715
Q469343
Q29033346
Q1656032
Q292506
Q9432370
Q2643208
Q111263211
Q16019653
Q494733
Q8848832
Q7716178
Q17278724
Q1928920
Q3483729
Q521329
Q32542809
Q17105446
Q89771132
Q4175
Q19472294
Q535674
Q17404241
Q25345085
Q2973
Q9413651
Q711447
Q79470
Q3955
Q55310294
Q175735
Q5026346
Q5980549
Q401610
Q15053032
Q4135616
Q105696410
Q9413737
Q243863
Q7032434
Q22670
Q573816
Q19591940
Q504530
Q5580090
Q311672
Q18844345
Q38457704
Q25392105
Q64762756
Q64763273
Q7047172
Q16003
Q9656503
Q326038
Q8445659
Q103873953
Q4249451
Q676223
Q6686760
Q49259
Q6686766
Q15148141
Q356916
Q104683803
Q104688241
Q104688653
Q2129183
Q441317
Q746637
Q71745
Q60728842
Q8265035
Q1002996
Q25057813
Q32543978
Q58454935
Q163795
Q16920633
Q7305210
Q758844
Q2003309
Q104845509
Q16990004
Q6761300
Q11960815
Q365118
Q47790109
Q209096
Q526456
Q99676087
Q99694066
Q97120253
Q123913
Q66587089
Q104518899
Q17370854
Q67311495
Q9161802
Q9257828
Q9311683
Q60936910
Q28038136
Q521845
Q220264
Q17428201
Q7036843
Q432152
Q698150
Q7850
Q5615393
Q6699838
Q1143374
Q8922987
Q7044444
Q7060392
Q104665671
Q59120475
Q18880448
Q165904
Q461150
Q111337345
Q108687465
Q217908
Q522410
Q793
Q5181280
Q5204651
Q7765383
Q2905034
Q16221565
Q9665383
Q56747507
Q27886854
Q20194973
Q2409483
Q96542500
Q888450
Q3737022
Q2678922
Q3881524
Q12055
Q6127069
Q9526830
Q105637106
Q2406633
Q16211429
Q6758657
Q106641304
Q4827811
Q105833888
Q847971
Q3037376
Q5981135
Q6912812
Q7858511
Q6318248
Q4690783
Q6051114
Q7370566
Q110628987
Q65624010
Q59101
Q362169
Q97153989
Q1283813
Q5670628
Q974970
Q15905462
Q15931223
Q15941744
Q15942702
Q713068
Q9117064
Q10833308
Q6772786
Q16849640
Q6174816
Q7088360
Q355588
Q7177072
Q5195922
Q6090189
Q7154262
Q1602405
Q8075587
Q52740420
Q4227759
Q1425111
Q1122815
Q241808
Q5333027
Q16209333
Q79688
Q488940
Q17370353
Q16549959
Q1749089
Q3700429
Q61959110
Q2216536
Q7272293
Q411121
Q16731630
Q7626182
Q5229275
Q585438
Q16728203
Q15043288
Q9820369
Q42897648
Q5073494
Q10581329
Q99628519
Q7381355
Q7422051
Q7649040
Q4678736
Q6396872
Q7133923
Q16842396
Q5372061
Q7506783
Q294965
Q558981
Q702542
Q706232
Q716836
Q545333
Q7540071
Q392599
Q20737135
Q6869316
Q55551380
Q133123
Q659803
Q2029580
Q740388
Q1022488
Q6872981
Q3468969
Q3376213
Q5596380
Q7181907
Q109850765
Q109850783
Q7856409
Q3665716
Q1646181
Q3367420
Q1688123
Q1634392
Q4754779
Q106507984
Q5220336
Q4771243
Q19940283
Q22974740
Q18734888
Q7618636
Q6211774
Q102188786
Q1684930
Q61977
Q103854736
Q105714779
Q105714810
Q5153077
Q5153091
Q5153322
Q55400971
Q7654458
Q22896683
Q18202384
Q105829251
Q104230698
Q104230716
Q104230729
Q62053787
Q104231495
Q6046397
Q7998704
Q920892
Q12599305
Q16177791
Q5293349
Q16114197
Q99610817
Q22901363
Q9247816
Q17110490
Q25330
Q9658059
Q17052604
Q3481634
Q11995690
Q5167487
Q5582891
Q5444860
Q254861
Q205838
Q17859754
Q2247758
Q4037660
Q6230583
Q11287785
Q6904180
Q7340089
Q7198823
Q525986
Q16733381
Q7597894
Q17276386
Q11382719
Q11476772
Q11598134
Q7827776
Q3338431
Q18375296
Q5121048
Q10687861
Q1184570
Q5309469
Q557775
Q60763671
Q7493767
Q6702287
Q3805415
Q153647
Q6158061
Q25385555
Q22666940
Q10633742
Q15275666
Q248932
Q1100680
Q822275
Q8850298
Q52323357
Q105730861
Q11893554
Q1505272
Q17102484
Q952097
Q6147946
Q569408
Q642964
Q20337929
Q1538284
Q160476
Q309001
Q671359
Q814482
Q2053589
Q182083
Q430905
Q22906204
Q19004
Q570986
Q109651
Q10298875
Q101598797
Q1789030
Q910851
Q5107619
Q7598509
Q10519057
Q41796579
Q8374830
Q9437508
Q22888959
Q11765378
Q2825177
Q9528635
Q3709293
Q2893295
Q12481753
Q1386922
Q5386530
Q6620506
Q14448864
Q9051966
Q27919344
Q2026620
Q3294388
Q4206476
Q9416616
Q12337732
Q645767
Q2790815
Q6511527
Q21715308
Q175474
Q3929395
Q645295
Q1776790
Q388259
Q554835
Q95266779
Q8849313
Q676067
Q8849315
Q11892718
Q98405063
Q5446942
Q4853893
Q1141579
Q6393817
Q6888862
Q7613994
Q8048685
Q83287
Q8728180
Q206693
Q8299681
Q6752190
Q2143473
Q6776334
Q360501
Q99688508
Q5695095
Q110960768
Q56447931
Q6848390
Q7799854
Q20350840
Q15881089
Q17031780
Q7365464
Q9728925
Q6888797
Q111028993
Q55930431
Q3273015
Q984294
Q6418445
Q2565458
Q6097919
Q6818199
Q7612186
Q9535690
Q6900882
Q1351266
Q1546
Q43301
Q11812344
Q2481938
Q2727551
Q2740856
Q472647
Q8493504
Q9027428
Q20347681
Q7561844
Q17117149
Q4706709
Q736076
Q59484616
Q761408
Q8096675
Q5985623
Q456005
Q8531306
Q1711470
Q10955966
Q218002
Q48838773
Q5420570
Q484030
Q8430633
Q8951194
Q3307984
Q9534066
Q9584537
Q5578838
Q1073793
Q11195982
Q11242469
Q3571172
Q9428236
Q7906951
Q1748008
Q19619559
Q25045293
Q2193979
Q9507950
Q9227786
Q1049415
Q105925536
Q25047457
Q534957
Q106812301
Q342045
Q755741
Q5976264
Q4772669
Q264100
Q4354336
Q8247968
Q663126
Q3179049
Q6271887
Q6214434
Q17067892
Q7297345
Q108632876
Q106935766
Q108430067
Q12332164
Q433429
Q21817467
Q6208079
Q5102849
Q7299638
Q3986127
Q24259971
Q2623943
Q1165232
Q1350596
Q2005919
Q8848246
Q8848241
Q7301661
Q84050841
Q4485152
Q65624395
Q109473041
Q1019805
Q317128
Q174526
Q7804209
Q102531431
Q6387708
Q8641636
Q6260576
Q224373
Q105828471
Q7250169
Q6129742
Q20378147
Q6174469
Q6489819
Q3181524
Q956081
Q3439242
Q220528
Q19866990
Q806551
Q6700405
Q838791
Q7613083
Q65122707
Q27975653
Q5319083
Q6439439
Q78454732
Q964002
Q3840698
Q14949586
Q18562300
Q15052838
Q4885358
Q9535700
Q17012611
Q7670911
Q107041134
Q7363084
Q6112388
Q2888777
Q4943530
Q6558197
Q408536
Q2201876
Q6058623
Q5228350
Q16226361
Q6163451
Q193428
Q96586836
Q97166142
Q97165508
Q6697980
Q8271339
Q2046935
Q321357
Q7331269
Q954614
Q7307345
Q738714
Q1112471
Q64673801
Q5552874
Q9689008
Q3286706
Q56208913
Q153638
Q483161
Q120503
Q1010539
Q20685608
Q110299366
Q3370
Q8060618
Q5474862
Q2824007
Q6347374
Q24239362
Q10712777
Q7694669
Q9333819
Q9356347
Q6320203
Q6720845
Q4923174
Q234043
Q8302600
Q8991676
Q11215488
Q345813
Q30587739
Q5436922
Q28835708
Q28835709
Q5106463
Q258503
Q28496373
Q5190248
Q927243
Q7356857
Q7357994
Q20364118
Q5490986
Q1350303
Q1900342
Q2062087
Q2075182
Q2178087
Q6172612
Q912834
Q93871787
Q8471376
Q8958362
Q5373221
Q189138
Q423356
Q16826976
Q710415
Q55957473
Q1010244
Q8334578
Q7361398
Q5220083
Q2023972
Q5005795
Q5433534
Q8682336
Q7154491
Q8030174
Q5107938
Q7847121
Q7847147
Q5218819
Q1554133
Q3093225
Q3997472
Q18823060
Q5044723
Q3545466
Q6464839
Q10293131
Q6265678
Q16197207
Q58691967
Q5924362
Q824660
Q5200824
Q16545734
Q3002375
Q53107006
Q256817
Q20695412
Q10955982
Q38247876
Q55719052
Q85880751
Q5525462
Q16085404
Q5234010
Q5325909
Q5154244
Q7376417
Q29947702
Q287572
Q4772302
Q5299881
Q6768712
Q7632512
Q7678073
Q712992
Q106704071
Q10316913
Q5208102
Q6756506
Q982366
Q4678041
Q4802951
Q5288689
Q15268335
Q1046616
Q974874
Q5647652
Q7093749
Q1328560
Q538508
Q16990247
Q3811465
Q5180733
Q8694343
Q733400
Q5112636
Q5222291
Q155412
Q18326138
Q18402333
Q437375
Q5246165
Q4927298
Q614949
Q27753
Q482847
Q484812
Q486084
Q2300755
Q319502
Q7453206
Q414515
Q105135183
Q1977253
Q315596
Q320692
Q5619440
Q277342
Q29529916
Q5316786
Q65935229
Q1703510
Q2756017
Q525754
Q6129841
Q65624669
Q4650141
Q6463325
Q2209500
Q29474358
Q10430832
Q7395963
Q16677757
Q16703315
Q21045110
Q29418630
Q29512104
Q5587019
Q6087113
Q6196673
Q24576560
Q9416977
Q3708342
Q504464
Q49267
Q7292953
Q869381
Q6998
Q13484605
Q1182788
Q7995555
Q298255
Q13303870
Q8125397
Q6347366
Q2879704
Q5742197
Q5866800
Q5992402
Q6172811
Q6173393
Q6272802
Q22889770
Q5567240
Q5546793
Q5211522
Q107449081
Q1022340
Q5065421
Q11961417
Q12001016
Q12005563
Q17106489
Q3357371
Q4241563
Q4575306
Q560969
Q486472
Q7366666
Q21540397
Q70063019
Q70740514
Q12183191
Q3545678
Q5923341
Q19307431
Q7743913
Q4908833
Q8848399
Q21079250
Q5981303
Q44142733
Q8507616
Q83620458
Q6460954
Q54959296
Q7243712
Q1346329
Q3530253
Q1024085
Q9416682
Q11372932
Q3544761
Q5770882
Q77607924
Q68483047
Q625975
Q10855903
Q18532281
Q7312440
Q303847
Q556024
Q20564974
Q4756875
Q2934863
Q7151109
Q7428729
Q26678338
Q3940399
Q3161535
Q492805
Q55792064
Q17489593
Q5686808
Q7680796
Q8043433
Q7190903
Q89509052
Q11622912
Q3032102
Q5089460
Q7384681
Q452411
Q5277878
Q10743431
Q25448756
Q11854445
Q16986891
Q6715079
Q67534141
Q111086035
Q10259276
Q20361276
Q15810435
Q185541
Q8958888
Q15435204
Q985409
Q7804338
Q11834803
Q4756585
Q7835779
Q3123685
Q507942
Q7155103
Q782
Q20323597
Q11897051
Q10831860
Q2739035
Q4247367
Q4355769
Q99203868
Q55323537
Q6129269
Q7576146
Q7707273
Q723493
Q204010
Q98276723
Q1255725
Q2160415
Q3139395
Q7447063
Q5258939
Q157032
Q23872640
Q23517
Q594166
Q17062494
Q69638563
Q90909484
Q1123736
Q5255339
Q2086431
Q346853
Q25095508
Q4840251
Q8285672
Q9063456
Q111182190
Q3524083
Q4796980
Q98639211
Q925947
Q6107740
Q16203833
Q16151525
Q6023698
Q2839796
Q7743074
Q1284676
Q6899937
Q2908623
Q1485924
Q2276441
Q68163259
Q3545807
Q4289658
Q4140264
Q4180533
Q4223927
Q3426
Q32763779
Q18997159
Q9903380
Q983618
Q338450
Q28154259
Q3048351
Q91777676
Q1088869
Q272382
Q6162200
Q1971673
Q27237719
Q7425084
Q9450052
Q17018752
Q8074157
Q3030105
Q115049
Q1928505
Q260841
Q8745644
Q9118494
Q856329
Q105890767
Q27923868
Q27923872
Q7489956
Q40690482
Q41170441
Q42210984
Q3012202
Q448268
Q9415597
Q453027
Q3815318
Q4200844
Q11308864
Q11674141
Q3227879
Q261489
Q17500369
Q5455916
Q1106469
Q6162731
Q6181906
Q74648163
Q853692
Q49881859
Q21199752
Q380656
Q8843977
Q6121072
Q7563414
Q4118229
Q12408914
Q561390
Q346785
Q919367
Q5679345
Q28373698
Q18393877
Q1010328
Q7421114
Q16244628
Q372324
Q7034632
Q215361
Q14440520
Q3709568
Q1379481
Q4348720
Q62908617
Q28991039
Q9300693
Q19757601
Q5047600
Q7503156
Q2611100
Q5107447
Q24525488
Q152449
Q14409409
Q225807
Q779588
Q9203943
Q28754
Q14334572
Q342789
Q2030000
Q1391505
Q2089260
Q4348585
Q9345791
Q55961317
Q10129585
Q5502822
Q3522759
Q5301576
Q4162182
Q9414027
Q99361361
Q20313828
Q9515538
Q9479456
Q4682117
Q47009919
Q6085099
Q14334895
Q2366637
Q2034544
Q2153044
Q3205005
Q3739589
Q4199039
Q5409630
Q32697532
Q9133888
Q13412335
Q4162221
Q504600
Q8748319
Q5337141
Q948129
Q17022715
Q453048
Q27889647
Q2546612
Q26058
Q8299735
Q752531
Q103982913
Q2917227
Q7233320
Q7531146
Q5107824
Q465955
Q7525272
Q96776712
Q547833
Q4760517
Q16210853
Q5276847
Q2262162
Q7534676
Q6713629
Q13426378
Q216708
Q8294478
Q9045356
Q7699126
Q54214168
Q4765295
Q240498
Q69903082
Q64875586
Q17102381
Q1252189
Q1263717
Q1264770
Q12747916
Q12758555
Q12956862
Q193273
Q223595
Q3446011
Q571938
Q6470811
Q9768513
Q28859980
Q8849235
Q6387444
Q714370
Q16919468
Q16211180
Q672714
Q2256087
Q6296913
Q2476025
Q7468753
Q6580
Q7126119
Q6606
Q1933445
Q7922288
Q3962940
Q6907094
Q7788771
Q4739795
Q2739754
Q7173608
Q233313
Q105707509
Q493832
Q5963744
Q9422231
Q192486
Q21552664
Q9012359
Q840678
Q3857378
Q1524530
Q65090550
Q7366722
Q19892702
Q19898198
Q20720806
Q21780561
Q22265221
Q23838257
Q24038103
Q24038104
Q24038105
Q25095189
Q65082681
Q29205539
Q5299381
Q6104322
Q6689705
Q11738682
Q83682
Q9821810
Q6267904
Q4960349
Q7330530
Q53856313
Q187838
Q7669273
Q7508245
Q5135377
Q7815676
Q3333749
Q6210728
Q5415802
Q5229097
Q3030065
Q2668601
Q533963
Q744554
Q8849592
Q3952872
Q2258801
Q8772922
Q6231684
Q1965087
Q1108654
Q26923117
Q24910123
Q25349877
Q24851884
Q5015131
Q2990298
Q5622493
Q1007845
Q5400610
Q3836580
Q21585344
Q12006
Q7818548
Q4355166
Q7938217
Q7170748
Q4766590
Q7630543
Q6740304
Q7720949
Q5018066
Q5605362
Q9012464
Q8335373
Q6075137
Q5099003
Q2463688
Q40747991
Q40748017
Q3603703
Q22898164
Q559975
Q106915
Q13280246
Q5641635
Q5335238
Q5223622
Q4993123
Q6258666
Q5475628
Q1472358
Q6246589
Q41675254
Q1311070
Q19879453
Q19872830
Q9539028
Q6775987
Q316644
Q1500596
Q5180746
Q733918
Q4996780
Q106928101
Q106928231
Q5037328
Q2293972
Q20751357
Q20751358
Q20751360
Q6392195
Q9539093
Q4911365
Q6675495
Q935503
Q95722585
Q10288334
Q108418661
Q16232094
Q61069487
Q7172482
Q9523653
Q1089332
Q69054753
Q8882884
Q6307628
Q490385
Q1986032
Q8078502
Q1799363
Q210734
Q4865316
Q85617593
Q4050290
Q11734500
Q1789315
Q952656
Q11357283
Q11536412
Q4841021
Q106676389
Q1075623
Q18913565
Q932477
Q108578471
Q108578493
Q4937985
Q7609660
Q12309539
Q12331472
Q12337215
Q7632339
Q19823878
Q924066
Q109608986
Q5372779
Q18686147
Q7956206
Q5157232
Q106624414
Q7685110
Q2069972
Q3129746
Q5937313
Q152929
Q2277408
Q3147338
Q1626044
Q605167
Q22883387
Q9346397
Q53186
Q556200
Q10149502
Q4756437
Q6226692
Q7491700
Q194964
Q676136
Q443818
Q1198484
Q6791179
Q7020110
Q1646018
Q4785308
Q29168228
Q4886173
Q6762700
Q11214311
Q347397
Q3709430
Q2104208
Q2326538
Q236100
Q2404411
Q2433572
Q2698673
Q2698695
Q3032666
Q370231
Q27479706
Q6623959
Q5582556
Q3089124
Q980040
Q17086369
Q18217727
Q24258641
Q6347449
Q1350622
Q95010
Q9642030
Q150793
Q2824068
Q2905414
Q3229000
Q3297278
Q3303251
Q7002140
Q7002144
Q9142
Q257267
Q958397
Q16232374
Q7631633
Q20377074
Q16223591
Q4661845
Q4964363
Q4965146
Q5105850
Q5107376
Q5262143
Q6849456
Q7384001
Q7803912
Q7932098
Q7518883
Q5036898
Q83963080
Q6108768
Q4897640
Q7517745
Q7283563
Q1881
Q6178093
Q25345072
Q1826
Q7261104
Q238347
Q76624076
Q5107387
Q454031
Q3953223
Q71417324
Q4393142
Q105958413
Q16633348
Q5555538
Q5745356
Q5803208
Q65088248
Q1896398
Q504692
Q10024319
Q57246894
Q57247090
Q679274
Q5618068
Q1007
Q84150456
Q5948451
Q7042753
Q15512074
Q5088754
Q20378761
Q297895
Q102405195
Q4893285
Q5496851
Q7673590
Q12302762
Q12333976
Q7102131
Q7572217
Q87917562
Q2024170
Q5771492
Q5287325
Q10086
Q5595482
Q506900
Q51719243
Q64549
Q7744251
Q99675616
Q4980072
Q2335432
Q242154
Q59469453
Q7828018
Q103235318
Q7185702
Q15870642
Q16220977
Q3508909
Q8006430
Q101579812
Q11755049
Q93323
Q7743091
Q2629753
Q3733720
Q9478013
Q107074548
Q184579
Q7688069
Q5516103
Q7670535
Q1434957
Q3915016
Q7582613
Q3795645
Q64987250
Q11309120
Q3644499
Q7358431
Q3979832
Q22886965
Q2278185
Q108530240
Q2389033
Q6203081
Q97265439
Q17094270
Q1825
Q32541872
Q4947542
Q4951121
Q4957714
Q4966024
Q6256349
Q12227775
Q505012
Q3709436
Q2352983
Q10146329
Q505568
Q4954832
Q11728503
Q68555276
Q6692916
Q5093674
Q6347308
Q11282166
Q3302898
Q6177339
Q512568
Q4050975
Q6812085
Q99943267
Q8846698
Q8846694
Q874899
Q7612511
Q18998692
Q3724819
Q10793518
Q1322580
Q609148
Q1683831
Q25013400
Q8224057
Q20324157
Q129880
Q15834814
Q16728364
Q3849803
Q3856906
Q4011607
Q4771946
Q636740
Q7846923
Q104044918
Q1395670
Q740099
Q23981906
Q6701849
Q4920418
Q47134
Q5230169
Q643326
Q2456192
Q492342
Q2883752
Q3752644
Q5228588
Q5402243
Q16214170
Q6539889
Q18158662
Q534669
Q25610
Q1483286
Q1635905
Q115481
Q5420398
Q3308561
Q7554113
Q4928948
Q812589
Q2081921
Q111372924
Q55949174
Q1657106
Q17183797
Q280009
Q1364208
Q24938299
Q4133778
Q4332140
Q4346217
Q4398959
Q4493988
Q9439464
Q4760720
Q17058836
Q2082706
Q3281221
Q3646116
Q72295
Q941510
Q7326873
Q1851145
Q382676
Q7366938
Q5980930
Q25172715
Q319374
Q6755391
Q3137162
Q5548825
Q6480895
Q2045063
Q600344
Q648622
Q6179419
Q4953791
Q1543608
Q16734642
Q5511077
Q2344635
Q4684841
Q7356257
Q7520050
Q25221731
Q40754425
Q40754438
Q4730505
Q7718495
Q180861
Q8017727
Q7718641
Q5377727
Q6636162
Q5928
Q944786
Q6395742
Q7384541
Q1615483
Q7436014
Q5123408
Q93196
Q1100989
Q4037924
Q7597607
Q253652
Q815979
Q5230174
Q252681
Q313854
Q438688
Q6829166
Q7493818
Q226386
Q13395998
Q7752728
Q1576076
Q128758
Q2849090
Q1563511
Q19666782
Q96479442
Q113138
Q26763625
Q7336183
Q66475417
Q217346
Q2906652
Q756704
Q5354220
Q69981461
Q6289083
Q16151203
Q2326854
Q4756567
Q190002
Q18379639
Q989418
Q1021350
Q5109889
Q5739030
Q7260446
Q3810319
Q6767707
Q7937463
Q3103350
Q1373443
Q7564764
Q6118095
Q58487200
Q48059069
Q6207897
Q233892
Q2211711
Q1382099
Q7836360
Q7609186
Q5442255
Q6771529
Q4953813
Q7304995
Q577511
Q1526312
Q1210858
Q19924039
Q724773
Q912931
Q4172069
Q17499978
Q598266
Q15052929
Q5446080
Q109508820
Q3480660
Q4929066
Q213154
Q5433739
Q7728171
Q7713392
Q20370831
Q5287031
Q2964867
Q5212231
Q28198
Q2018604
Q1863004
Q585963
Q158223
Q730938
Q322586
Q2890240
Q976881
Q6788851
Q1138587
Q16199394
Q6421893
Q28228628
Q4630489
Q5386014
Q1801893
Q2073642
Q83741
Q370726
Q79580
Q496387
Q2779711
Q1662265
Q1282562
Q22121844
Q108618
Q4789666
Q6768598
Q1756813
Q42209926
Q1541229
Q110520334
Q28218
Q359059
Q1075299
Q1773500
Q1110777
Q5280964
Q6849450
Q572040
Q434956
Q770571
Q4888335
Q3482611
Q19785
Q3044008
Q7152926
Q2483346
Q2143694
Q1018239
Q4923934
Q5052027
Q7579000
Q5293501
Q2082645
Q7733631
Q20195453
Q2440896
Q16488832
Q22739497
Q109475655
Q8847750
Q5265793
Q2047343
Q5468
Q4673004
Q6794710
Q7844526
Q22079542
Q15126096
Q75135708
Q73250720
Q73251138
Q17108441
Q317469
Q11600049
Q1078217
Q11275433
Q11401440
Q11425108
Q11481230
Q2760347
Q227863
Q7988394
Q2616375
Q329661
Q347046
Q498715
Q1077742
Q1082846
Q3311433
Q3530134
Q4912821
Q4990549
Q6896646
Q238803
Q8054599
Q5573010
Q7437295
Q18923114
Q1338788
Q3117305
Q11290290
Q11320338
Q11340916
Q11534055
Q3275501
Q6782784
Q11651379
Q6347169
Q5800213
Q5944207
Q15602
Q6238735
Q56809161
Q106629337
Q1466075
Q6239020
Q5325530
Q4916025
Q16996725
Q17198064
Q3299526
Q5210569
Q7383131
Q20090400
Q5562842
Q6163357
Q4792152
Q85696662
Q17512963
Q522592
Q6788420
Q260649
Q10950572
Q691018
Q5358609
Q6391203
Q6411213
Q7559101
Q109427516
Q17108060
Q6348648
Q20735786
Q108440261
Q108440314
Q108440344
Q19664877
Q917004
Q21095593
Q2517232
Q58238464
Q1019496
Q4979434
Q147934
Q16259529
Q5252787
Q3570133
Q734481
Q5106001
Q6221993
Q6770029
Q7804102
Q5993750
Q7741552
Q6848247
Q62704294
Q49152
Q9890052
Q766551
Q4772868
Q5371876
Q5449781
Q6372249
Q7365483
Q6199403
Q23086
Q7819325
Q3492007
Q16193889
Q5445613
Q1820380
Q6267986
Q7356504
Q7633580
Q282397
Q21069516
Q575407
Q7743924
Q2099882
Q60705128
Q60705176
Q1330686
Q5443663
Q6968588
Q1727232
Q7804126
Q16852734
Q6215058
Q24702865
Q2006494
Q2038428
Q16729200
Q445058
Q49222
Q1758757
Q2690524
Q3738698
Q704371
Q1210422
Q1214
Q20651446
Q88206602
Q110910331
Q1531129
Q4717148
Q6687278
Q7304197
Q76035110
Q95595183
Q3988013
Q368348
Q4661965
Q7326414
Q20324317
Q1173669
Q2271353
Q97503002
Q7792087
Q28454881
Q1409731
Q2835516
Q6255353
Q7774319
Q15709734
Q7436870
Q6220260
Q5065756
Q3328774
Q258833
Q7749011
Q6790725
Q5116441
Q7969560
Q7363893
Q5181189
Q2047428
Q1721295
Q1689313
Q6662602
Q48215
Q6849463
Q111267316
Q60805996
Q2168431
Q4974459
Q7408702
Q2446250
Q16205754
Q954944
Q5108258
Q6202103
Q7751605
Q23901588
Q16150957
Q6775187
Q2873096
Q7752069
Q16728857
Q16614678
Q6482162
Q7507589
Q7752421
Q15436317
Q5229734
Q1755020
Q2137835
Q3367223
Q3855180
Q106840050
Q6307327
Q5293105
Q7364197
Q16835879
Q15925682
Q15925734
Q15948873
Q7279181
Q7281052
Q50891407
Q17478226
Q5048455
Q1142283
Q617368
Q16728764
Q3433372
Q3116235
Q5070354
Q7256196
Q3431127
Q9031569
Q320639
Q2232317
Q22277761
Q5335843
Q8849020
Q7058989
Q7562274
Q478147
Q741804
Q868666
Q7560711
Q5285235
Q456552
Q2073342
Q1952520
Q88386281
Q6845921
Q4704045
Q6686911
Q924993
Q3299482
Q16240903
Q281749
Q7067755
Q6226856
Q6681689
Q4710196
Q5087136
Q5249981
Q7801288
Q1329931
Q5105745
Q23143
Q18917798
Q215017
Q5621615
Q6211809
Q5549100
Q5236332
Q7937967
Q20342984
Q4679159
Q7045387
Q7340797
Q1063466
Q28373939
Q28373962
Q28373971
Q7648020
Q4544982
Q1238988
Q17466499
Q16195276
Q3535717
Q5606944
Q7961796
Q17109860
Q19371173
Q98806894
Q15020847
Q7565689
Q107128104
Q5230014
Q1631669
Q3858
Q12409972
Q6553603
Q6988813
Q6889958
Q858491
Q531311
Q20819985
Q4865850
Q7496282
Q7759344
Q4934289
Q1421054
Q4707991
Q708782
Q7520704
Q6776720
Q287895
Q16732109
Q706105
Q5586012
Q2003262
Q3116180
Q1319697
Q2964464
Q5362719
Q498710
Q4201243
Q1798906
Q4978208
Q7385151
Q711339
Q6269967
Q984358
Q219656
Q1931248
Q41142220
Q7564697
Q3973384
Q4732512
Q668262
Q26143291
Q617166
Q53019143
Q495377
Q5189456
Q16014953
Q16732413
Q246538
Q4885591
Q7260648
Q333040
Q2696650
Q241660
Q19270969
Q19270971
Q55405613
Q1000656
Q7963883
Q3989269
Q6318097
Q7356506
Q6227357
Q7764836
Q16204680
Q7367862
Q16192830
Q16221345
Q49888
Q56462767
Q55815449
Q5751258
Q4772848
Q668546
Q667529
Q2145637
Q219782
Q6186001
Q6847350
Q7597102
Q5337315
Q7323240
Q1372258
Q28068071
Q7816471
Q99675638
Q99676958
Q99704208
Q5108148
Q166755
Q5322987
Q7766601
Q61055276
Q25044168
Q183092
Q6384731
Q507057
Q3241437
Q25205378
Q3989521
Q2415042
Q762430
Q16194741
Q629216
Q54963949
Q1370207
Q3328072
Q775547
Q85633184
Q928701
Q1021026
Q4875789
Q5339849
Q5473753
Q6524913
Q67205640
Q1687279
Q2755412
Q5449259
Q982353
Q4704537
Q6006382
Q4736435
Q188705
Q2429854
Q537433
Q106561801
Q106562267
Q5574368
Q134902
Q107604505
Q453604
Q60805993
Q1411849
Q8850135
Q6838460
Q5145303
Q575483
Q8850151
Q810961
Q6767681
Q54174
Q3133380
Q6789535
Q6396912
Q934308
Q15502979
Q6528909
Q7997483
Q5321460
Q7436874
Q21592082
Q4725782
Q1678437
Q34180
Q5364515
Q488916
Q4965537
Q8850302
Q5049235
Q1162
Q7804424
Q5317112
Q24196214
Q13608348
Q537323
Q4769858
Q3703228
Q211907
Q18631910
Q7976446
Q985253
Q5217340
Q4958387
Q7748297
Q1207
Q23333
Q5184350
Q6900611
Q24190572
Q12322932
Q1039537
Q2307169
Q388091
Q4931727
Q1109596
Q3616
Q106940476
Q16243207
Q7172762
Q7027090
Q488125
Q985524
Q15733502
Q3709526
Q538634
Q8647700
Q983026
Q755255
Q18288957
Q2145719
Q79838
Q678437
Q7693435
Q1824699
Q326440
Q55324670
Q7537608
Q6213843
Q19667024
Q1521688
Q6314071
Q642631
Q167436
Q20333866
Q3809559
Q13250449
Q4043631
Q572788
Q6373557
Q16259599
Q595542
Q4678834
Q595619
Q11187199
Q10526630
Q65560445
Q25057322
Q3306475
Q55963966
Q9149102
Q16661276
Q30754618
Q61199615
Q4956859
Q4762258
Q18352835
Q18685112
Q437819
Q816496
Q1463429
Q953645
Q4803681
Q2447484
Q6849417
Q98835991
Q3991849
Q4448372
Q25042538
Q6831632
Q1012706
Q43659761
Q11602670
Q1041682
Q11285681
Q11619551
Q871197
Q17230130
Q42275100
Q7305472
Q1921408
Q25410
Q55324734
Q229291
Q7407799
Q6483777
Q5288161
Q3779940
Q6196551
Q107129363
Q55648193
Q55648196
Q927631
Q9360186
Q13562033
Q3028888
Q105513
Q7827705
Q6705765
Q790541
Q16983314
Q11151342
Q2570042
Q6522990
Q9030741
Q8280663
Q8057299
Q1633015
Q141844
Q24039851
Q6844086
Q2901023
Q4717608
Q1013102
Q6704868
Q63285258
Q10393220
Q7245654
Q187862
Q8602876
Q1633623
Q1929780
Q774
Q6231653
Q7534558
Q64213716
Q7703578
Q8872499
Q6708945
Q16994676
Q4730987
Q3179055
Q1228689
Q9031407
Q106518909
Q5924033
Q6082572
Q6339186
Q7983709
Q17627244
Q826
Q9347
Q1993190
Q1502261
Q486439
Q5323276
Q8673
Q6875633
Q6981163
Q542910
Q24242675
Q5305597
Q5217506
Q2956224
Q7804045
Q3758
Q6234368
Q618611
Q20348456
Q15958277
Q18153089
Q17305889
Q17306112
Q24001239
Q183298
Q7423327
Q11883230
Q7606593
Q550428
Q2906956
Q2028875
Q3402313
Q3162970
Q240496
Q6660678
Q793574
Q55324925
Q106867898
Q1090042
Q4261939
Q56720394
Q5041029
Q20333418
Q16160306
Q16563390
Q16606789
Q2074169
Q4754426
Q4755383
Q5783608
Q6092721
Q11323759
Q731721
Q11272387
Q11459257
Q11488527
Q11537211
Q11591239
Q11668651
Q1342823
Q1750532
Q184594
Q6419478
Q71699
Q7881750
Q4960799
Q18356385
Q4980847
Q6327580
Q6438092
Q7299302
Q7490072
Q816524
Q509032
Q1570058
Q2467
Q9542716
Q2341169
Q6162718
Q272383
Q3748478
Q1637241
Q11220
Q3493657
Q131252
Q6942562
Q5126942
Q668676
Q7895690
Q7896833
Q106515369
Q192775
Q613368
Q5236705
Q20362471
Q27920239
Q337850
Q7621641
Q65091843
Q100280782
Q3445016
Q6438169
Q983604
Q6482913
Q1173330
Q7918983
Q511216
Q10215933
Q7422767
Q17370782
Q39792359
Q10263896
Q104058082
Q4347179
Q55325051
Q6163178
Q5373460
Q105075
Q5654057
Q6192212
Q5592747
Q6740874
Q18663450
Q3121024
Q14440306
Q959301
Q3952870
Q28374720
Q16221240
Q7858527
Q24893148
Q654226
Q1346818
Q16199710
Q5854207
Q89358944
Q89358637
Q93347
Q12326179
Q6771444
Q6188918
Q15733421
Q9561335
Q232366
Q7803382
Q9163360
Q4834386
Q5951268
Q9542343
Q3752905
Q2078910
Q185147
Q19242834
Q5808279
Q513805
Q2985157
Q1452550
Q96760056
Q14503639
Q5578605
Q560284
Q13573617
Q1866191
Q2125239
Q2400068
Q2621917
Q2777824
Q3125837
Q8987367
Q12734452
Q2552637
Q5145131
Q37132908
Q96652255
Q4762674
Q5250228
Q806349
Q7975706
Q6581072
Q16865908
Q1158388
Q16245387
Q19824729
Q33101590
Q4745367
Q89998526
Q6173204
Q20086421
Q30612322
Q844062
Q6709474
Q4162162
Q2748607
Q311875
Q349328
Q5530705
Q652243
Q978960
Q9542501
Q107504796
Q7340841
Q8285501
Q8285500
Q40754529
Q40754543
Q324058
Q715265
Q4356056
Q62673342
Q654299
Q1258008
Q6647042
Q1344651
Q1017758
Q2160202
Q17135555
Q7612194
Q1164558
Q7077570
Q87903709
Q1286993
Q1471316
Q3313332
Q43276730
Q273171
Q111020566
Q632238
Q8285740
Q639408
Q6755384
Q4769267
Q939139
Q30095267
Q6841109
Q16016327
Q981908
Q7995612
Q5888745
Q17104059
Q16186251
Q1141919
Q7801542
Q7187166
Q6769779
Q7323935
Q6432130
Q7998600
Q519146
Q16204884
Q6780839
Q759
Q55636714
Q7823472
Q24175473
Q4990137
Q2426383
Q776830
Q32361999
Q1111433
Q1129363
Q1159442
Q1327466
Q906783
Q45779
Q6402888
Q6030395
Q28037654
Q28037663
Q430464
Q8025155
Q229
Q171882
Q620726
Q7184237
Q16214500
Q1185729
Q2256216
Q2924895
Q988739
Q83962744
Q10597792
Q7250799
Q1377278
Q345190
Q8576289
Q8576290
Q1014183
Q1200079
Q5538820
Q22738545
Q6199250
Q33486
Q6719048
Q6347029
Q2579443
Q4912638
Q107136748
Q4848805
Q1280870
Q362515
Q5982137
Q6299140
Q15121509
Q22883496
Q3709654
Q1356968
Q8302479
Q6721015
Q9543562
Q3274295
Q8303102
Q9228426
Q5042384
Q4737509
Q109128
Q55152924
Q5437668
Q107424
Q1371364
Q437090
Q18610012
Q18610019
Q18610031
Q18610042
Q18610045
Q18610049
Q6840886
Q959755
Q492478
Q213180
Q5433757
Q16885990
Q4956071
Q12007749
Q16146735
Q227912
Q107252846
Q381445
Q435650
Q640953
Q5
Q56253122
Q576938
Q7671634
Q8058073
Q7155121
Q19464251
Q4853162
Q19668178
Q39383
Q49174
Q2463660
Q13131073
Q31358808
Q5208383
Q234178
Q963369
Q12302183
Q16064017
Q16064607
Q459397
Q111033495
Q4679087
Q282778
Q1408996
Q1443316
Q9042245
Q15258433
Q163597
Q25067502
Q108945831
Q108990417
Q108990476
Q108991078
Q108991114
Q4885339
Q4910625
Q7452596
Q7860132
Q9546544
Q3410876
Q783
Q274584
Q16495536
Q20052734
Q9546586
Q6940121
Q983819
Q12474151
Q61455
Q6291527
Q478029
Q470661
Q26856922
Q1195983
Q768404
Q3505900
Q11855974
Q16300210
Q55325394
Q5153132
Q7654461
Q2590384
Q105757312
Q457796
Q4913006
Q7610162
Q16195085
Q166413
Q2347683
Q94485
Q5018134
Q7600631
Q3977563
Q3844075
Q5593299
Q4861199
Q13373476
Q4862969
Q30643277
Q3480250
Q22847813
Q16989773
Q5053608
Q9650127
Q53785953
Q106320363
Q106320397
Q106320414
Q106320433
Q17382348
Q41972135
Q47036373
Q47036161
Q7698637
Q105925608
Q3161547
Q17370962
Q811883
Q3652555
Q16549961
Q106225034
Q25067957
Q2636764
Q8293876
Q130130
Q1899471
Q4877034
Q669979
Q9415750
Q100326659
Q16731448
Q4961943
Q8294539
Q8294536
Q65679790
Q272619
Q110759817
Q3292695
Q3310711
Q3383959
Q7347081
Q6713775
Q2270327
Q9553027
Q6440756
Q3163240
Q11892229
Q5411316
Q3841005
Q3973342
Q9023029
Q209846
Q15727300
Q2914736
Q2917080
Q5105793
Q5108288
Q8895175
Q9594111
Q4887951
Q100381636
Q42716
Q32658979
Q1558037
Q314107
Q3709223
Q3852016
Q16212190
Q176430
Q1974953
Q4299
Q52440
Q733182
Q7501077
Q858388
Q924413
Q9568082
Q16082972
Q2605565
Q9901935
Q106601051
Q8848672
Q9584687
Q10065698
Q708259
Q311961
Q317136
Q77396
Q182742
Q286643
Q835477
Q87562
Q48445
Q10301351
Q5066168
Q7270843
Q19591246
Q5233058
Q13223335
Q6749300
Q11301222
Q108413360
Q2228268
Q27063001
Q56786473
Q8351416
Q9596117
Q32652914
Q6490493
Q6266060
Q6734071
Q11452363
Q5002115
Q723063
Q8330645
Q78252
Q28402278
Q106489012
Q2415122
Q3017392
Q3378697
Q6452263
Q9417571
Q16659189
Q1339675
Q8589852
Q9498319
Q327547
Q87916310
Q435665
Q24427993
Q13586773
Q63693676
Q63695184
Q44687
Q22895027
Q505072
Q8848970
Q9513782
Q14191890
Q1285797
Q918492
Q8706136
Q25803278
Q612011
Q3905847
Q49880828
Q63108282
Q1270552
Q18026496
Q20850614
Q23060797
Q68190894
Q8752
Q12260067
Q9848301
Q611269
Q6816253
Q25010920
Q725969
Q9787124
Q9554072
Q60441878
Q1217084
Q6470808
Q5702795
Q9544142
Q256
Q14406783
Q5229302
Q8364101
Q18815101
Q9614689
Q1380739
Q576883
Q858679
Q911758
Q4975617
Q7718141
Q2963267
Q63959259
Q63959282
Q63959303
Q7320531
Q9533917
Q9584527
Q6796209
Q7153678
Q108174957
Q17007683
Q96464919
Q98008047
Q308928
Q6558143
Q17277187
Q18997072
Q2964651
Q10031327
Q7376958
Q73555012
Q109930968
Q109930989
Q4960664
Q107125890
Q55325899
Q108540777
Q1865425
Q98437822
Q19956987
Q65083665
Q7758111
Q193509
Q99590787
Q9763810
Q7161065
Q7678573
Q11189599
Q17051367
Q303805
Q7678541
Q860354
Q8589626
Q9422777
Q3709500
Q15298844
Q106785055
Q101228849
Q3508312
Q463165
Q10255116
Q55972560
Q110971717
Q4983468
Q4983470
Q9632983
Q12813090
Q1812353
Q2270813
Q6149382
Q663892
Q7999626
Q835708
Q13513059
Q1146163
Q7744801
Q6420015
Q5925855
Q6128763
Q9982812
Q539933
Q1950810
Q11973583
Q1575612
Q1638939
Q3247022
Q4590609
Q87727648
Q87727678
Q57864
Q19158891
Q10623352
Q1300306
Q1687826
Q338786
Q366671
Q471067
Q542681
Q5528810
Q6881066
Q711779
Q762693
Q862106
Q931661
Q955480
Q8848683
Q9498486
Q18907374
Q1355154
Q17099702
Q1809828
Q4571259
Q74445327
Q1200349
Q16212795
Q6265988
Q321672
Q1088782
Q16190995
Q3735289
Q3810660
Q3900804
Q990775
Q8425671
Q60836615
Q6051714
Q246588
Q1634436
Q8317738
Q2663808
Q3299502
Q6970054
Q6054004
Q1772217
Q101068149
Q11242339
Q11253873
Q11266693
Q11286968
Q11369583
Q11378137
Q11397029
Q11409763
Q11453995
Q11575970
Q11626631
Q11654046
Q11661311
Q5977865
Q5978473
Q6782364
Q7678120
Q1327940
Q3013024
Q4721283
Q2124129
Q7276368
Q5228227
Q8617080
Q20863631
Q9247824
Q1075854
Q1972432
Q544916
Q722879
Q835600
Q931440
Q8849763
Q29949820
Q3500796
Q360348
Q60821823
Q6769703
Q291077
Q712236
Q9142567
Q7562494
Q3616844
Q3838438
Q3847085
Q110966473
Q110966558
Q21768306
Q3607013
Q3716794
Q3776916
Q3896036
Q20671682
Q221535
Q270935
Q318587
Q381797
Q18734527
Q608452
Q10718923
Q1243652
Q9680073
Q5593862
Q6952076
Q60545294
Q7768387
Q11042191
Q1176417
Q1282863
Q2102371
Q538284
Q7364498
Q8850055
Q8850047
Q18997483
Q14405555
Q4757601
Q16562534
Q3067116
Q3191279
Q2656047
Q195708
Q7365809
Q7718436
Q910486
Q8846672
Q152
Q343542
Q19271146
Q24863231
Q7402809
Q20643617
Q111304715
Q17232152
Q11454879
Q55326206
Q7771837
Q793753
Q52468
Q13321094
Q4948541
Q16205276
Q236811
Q676532
Q18910378
Q3407373
Q16189316
Q20878239
Q3016505
Q9418031
Q111462074
Q20340181
Q7002970
Q971657
Q2271328
Q34182092
Q10728895
Q1783764
Q105062972
Q1168698
Q7364677
Q99590064
Q8575681
Q676784
Q5282961
Q29915320
Q406266
Q4753783
Q4950264
Q7783312
Q22889115
Q29915713
Q3437114
Q10013994
Q10734229
Q7605850
Q490829
Q8817623
Q8817622
Q3701315
Q53190
Q10015999
Q80011
Q1064810
Q20696497
Q110397755
Q3866310
Q711965
Q8031993
Q8053803
Q9110844
Q25015367
Q9427010
Q333335
Q1058615
Q4953861
Q7171966
Q13406429
Q1765712
Q8602946
Q916387
Q20369241
Q22909853
Q345494
Q65623946
Q105827050
Q11346403
Q11416161
Q6981133
Q7557887
Q834469
Q855989
Q1159819
Q522382
Q202
Q11262650
Q11401153
Q11551135
Q11653462
Q11661249
Q465632
Q14398220
Q7295936
Q2256936
Q3810819
Q919988
Q8218088
Q8635243
Q4726402
Q2819309
Q9523897
Q6717743
Q4904761
Q2888368
Q2895490
Q2915945
Q8299371
Q8299370
Q4905113
Q19339041
Q20313772
Q9554891
Q20313801
Q1441563
Q548422
Q1369287
Q1046843
Q586
Q7306936
Q5983083
Q11644200
Q5958186
Q16984348
Q5431858
Q9507368
Q9177150
Q20326509
Q6048241
Q922145
Q19848729
Q5965288
Q14407083
Q5965020
Q711469
Q711499
Q888152
Q10173764
Q7925515
Q4162194
Q5368408
Q5368420
Q851542
Q8569991
Q96875589
Q22277528
Q315643
Q604940
Q6347607
Q386677
Q9429046
Q2977861
Q3219492
Q7748126
Q314640
Q419466
Q545634
Q8848612
Q17371125
Q864416
Q20895022
Q20895024
Q20899234
Q20899236
Q3146821
Q15259482
Q7584094
Q54867
Q6318050
Q14407096
Q6347227
Q250335
Q8532186
Q2895286
Q3272288
Q3577106
Q106840719
Q1138378
Q3182015
Q976218
Q14640114
Q19869493
Q108479548
Q16726244
Q16726247
Q16726249
Q25087209
Q572984
Q219045
Q16278619
Q4162185
Q2967446
Q3339687
Q9847019
Q14387712
Q229673
Q3030067
Q24064084
Q263726
Q9417757
Q7741274
Q24059311
Q108443966
Q108444120
Q108444208
Q11694913
Q1329148
Q1368628
Q349529
Q4678777
Q5382456
Q9413572
Q15081328
Q2271504
Q2142
Q101355502
Q21934026
Q2095264
Q560068
Q107216044
Q567123
Q5972164
Q187107
Q9925365
Q19751675
Q1406825
Q20339634
Q11975879
Q19745281
Q56249708
Q99732401
Q10170228
Q5753201
Q5920526
Q98073362
Q7268869
Q3964193
Q2702280
Q3029876
Q347717
Q8302325
Q9227733
Q5386305
Q453817
Q22883492
Q4921918
Q9428794
Q2905485
Q102427613
Q313029
Q8302265
Q643208
Q6420069
Q4922974
Q8302585
Q11567746
Q4925402
Q9557924
Q73623
Q55326833
Q1955210
Q55326841
Q2997584
Q6755397
Q16984563
Q6197362
Q141881
Q54769
Q9558120
Q2849156
Q15823971
Q906571
Q106807608
Q15271954
Q15307139
Q15307150
Q7813654
Q7921886
Q1928669
Q99904208
Q20316316
Q9933428
Q22883542
Q396933
Q6347037
Q9813551
Q22883550
Q1935419
Q11694800
Q4929401
Q9558383
Q7358030
Q8303140
Q98150950
Q98181667
Q16984606
Q444520
Q8303152
Q87358562
Q714167
Q455236
Q278366
Q25044382
Q2808
Q1634708
Q2488031
Q312696
Q315408
Q4355847
Q457738
Q4984964
Q5144844
Q59491660
Q726073
Q726296
Q743051
Q927415
Q941520
Q8567483
Q9543984
Q258355
Q2337210
Q2349518
Q2617369
Q705
Q10741117
Q543187
Q25190522
Q594931
Q863086
Q8847358
Q9139332
Q24059801
Q209016
Q98228405
Q98145646
Q3011013
Q8304082
Q18558481
Q18558484
Q16221803
Q16197238
Q85748116
Q24502
Q1339027
Q56724131
Q4348940
Q6722893
Q106111826
Q1345802
Q6536168
Q703767
Q8305813
Q8305810
Q16732012
Q22883959
Q110857280
Q110857343
Q111020089
Q1174995
Q1801441
Q1811612
Q24955442
Q438921
Q6148869
Q6179664
Q1755782
Q1756932
Q1760616
Q1760636
Q1760833
Q1763007
Q1770245
Q22236762
Q4006413
Q4045979
Q81824888
Q6197664
Q17188819
Q547132
Q6774347
Q5954223
Q4951248
Q1142201
Q9508477
Q128349
Q9232012
Q8933759
Q1368969
Q4636523
Q9560000
Q25387595
Q122989
Q1638509
Q31980924
Q896761
Q16783219
Q22490884
Q9192
Q4956552
Q716298
Q8309475
Q55605868
Q250287
Q4956559
Q96387866
Q101067814
Q16729370
Q1739081
Q587649
Q65624316
Q12403901
Q12408281
Q12408768
Q2910061
Q5220799
Q5278573
Q6042771
Q8571417
Q61749519
Q202242
Q3866896
Q4567376
Q285341
Q3320870
Q477080
Q928579
Q9521133
Q8645537
Q104387240
Q16571981
Q3741946
Q3934630
Q14375103
Q17004918
Q15285290
Q3704267
Q3810324
Q3939831
Q439752
Q4932743
Q5234978
Q5596206
Q5606208
Q6271296
Q664513
Q6686258
Q7273713
Q7364704
Q8824198
Q8824195
Q2217951
Q2073801
Q1316571
Q79880
Q32581072
Q4343816
Q358243
Q7969736
Q5190313
Q8602892
Q3328743
Q6720396
Q3813963
Q20349429
Q2712689
Q1060268
Q900697
Q901692
Q901717
Q902916
Q902933
Q913341
Q20376072
Q99937708
Q2708757
Q319297
Q5801673
Q6989994
Q48329
Q9332578
Q6506
Q16767461
Q1744
Q18685609
Q508098
Q6726991
Q4959872
Q2164074
Q7722112
Q11383853
Q11395847
Q360719
Q7046265
Q860940
Q11279790
Q11347599
Q11431404
Q11626270
Q9532724
Q21335384
Q4656
Q4162203
Q2671084
Q9415589
Q6180616
Q16226659
Q8310917
Q11192373
Q6900783
Q7357197
Q325684
Q456639
Q5415472
Q9436411
Q301266
Q6770345
Q79260
Q16258235
Q16879573
Q213952
Q8385639
Q9438842
Q7258309
Q3178861
Q49881131
Q95909517
Q655457
Q20352892
Q163211
Q231106
Q237497
Q265202
Q2880397
Q7927561
Q206336
Q8849542
Q8849541
Q15307354
Q283835
Q2365407
Q5267640
Q1351259
Q14535
Q15735693
Q4707404
Q4933159
Q4933461
Q5496519
Q6173843
Q6197056
Q7356337
Q99609218
Q989949
Q8375724
Q54138
Q25044095
Q2400916
Q50919629
Q6676426
Q5370465
Q4729829
Q903006
Q9523995
Q2457132
Q27899309
Q921496
Q32228941
Q690362
Q22745563
Q412343
Q4437511
Q1852152
Q8847687
Q1003559
Q8847682
Q2375630
Q6733842
Q6785811
Q9561883
Q916743
Q4147519
Q4162298
Q4518005
Q998702
Q9507799
Q14386254
Q3029847
Q18812223
Q10031618
Q208725
Q7507376
Q2846571
Q15972815
Q22740738
Q9524895
Q4964644
Q10741510
Q3369565
Q908645
Q28858846
Q105840526
Q5679967
Q49881018
Q32574900
Q111079927
Q744510
Q4965876
Q17543065
Q22279445
Q6709123
Q3453410
Q1771817
Q3616540
Q6078890
Q713333
Q2600502
Q7883748
Q15708946
Q11041317
Q20349412
Q7299657
Q2465388
Q8635613
Q9553347
Q667951
Q185468
Q2321329
Q2819021
Q8847486
Q196999
Q228037
Q16676556
Q1089001
Q1450947
Q15973829
Q1634156
Q16532192
Q1772303
Q1930748
Q2597972
Q2854300
Q2977348
Q2978122
Q3034987
Q3081609
Q3121714
Q3158312
Q3197745
Q3219535
Q3265746
Q3369467
Q3383394
Q3384885
Q3498156
Q3517079
Q65159340
Q65159346
Q927384
Q960633
Q9050127
Q3492699
Q54987291
Q2204375
Q2347228
Q2434159
Q6692350
Q915661
Q449224
Q6968735
Q8912571
Q125194
Q16197835
Q283385
Q2838748
Q56743475
Q56743476
Q56743500
Q9584274
Q14445502
Q528999
Q19291496
Q1188387
Q10113449
Q8947939
Q16704518
Q6732092
Q99506606
Q28370520
Q5509122
Q6244076
Q12262831
Q10310296
Q268154
Q506364
Q952499
Q962146
Q55327467
Q84771379
Q48835549
Q30124221
Q30124243
Q30124282
Q30124297
Q30124330
Q30124378
Q30124395
Q3638784
Q3751459
Q3752129
Q3763303
Q3838860
Q3846495
Q3897731
Q3938704
Q3938864
Q4015330
Q4017886
Q648912
Q683618
Q32101274
Q9241075
Q4968469
Q55034700
Q4913199
Q5981670
Q18857194
Q18910379
Q14334091
Q5459983
Q936186
Q49875471
Q9961096
Q2190068
Q55327500
Q7194134
Q1057071
Q15293796
Q529750
Q66099011
Q14440334
Q510603
Q8460055
Q8460053
Q14397412
Q15956152
Q1706670
Q21996544
Q595808
Q324958
Q10294022
Q10383046
Q3432148
Q769328
Q10863741
Q473466
Q483558
Q483718
Q1112927
Q21245151
Q7490660
Q30646168
Q4667519
Q7182459
Q8313355
Q225746
Q7268705
Q1224539
Q9524424
Q2943433
Q4636026
Q25448903
Q2563186
Q2737572
Q1036094
Q4806499
Q5121609
Q5368201
Q638600
Q6958854
Q8807801
Q5036875
Q7741855
Q32735975
Q47016286
Q104166433
Q845623
Q20323188
Q7155834
Q49240
Q358732
Q594515
Q241096
Q24190477
Q6210635
Q55327601
Q12811946
Q18163213
Q4972944
Q5571934
Q17102296
Q9584733
Q3703178
Q11787389
Q22856455
Q16279258
Q3709533
Q2857677
Q3610320
Q3845919
Q4317478
Q64341977
Q189382
Q277479
Q714
Q849429
Q9416521
Q19797
Q464171
Q13320051
Q335315
Q20352280
Q6531431
Q108685949
Q1101296
Q18996672
Q4974033
Q104668138
Q52907612
Q24998228
Q24967159
Q106948953
Q2087469
Q9716608
Q482
Q72941560
Q706084
Q9534786
Q9584616
Q3498569
Q13396272
Q18998912
Q922961
Q4381516
Q9008
Q3714601
Q35775
Q20365561
Q8680884
Q14375128
Q17017815
Q8847436
Q3658175
Q7507603
Q8446
Q545689
Q18998409
Q10146965
Q298726
Q110991137
Q602663
Q186924
Q202859
Q937564
Q723690
Q3030669
Q5122140
Q913
Q31283779
Q8048910
Q4694695
Q1568121
Q1676392
Q3133028
Q353269
Q38632
Q737521
Q55327818
Q2851669
Q22890488
Q55327840
Q9725593
Q211942
Q5416166
Q24915322
Q109465959
Q166769
Q49879584
Q4050473
Q4083958
Q62626296
Q850243
Q14407044
Q758934
Q3709433
Q10321888
Q511398
Q9817188
Q6574
Q996616
Q1249653
Q20329959
Q1561941
Q107340066
Q108460723
Q2104293
Q441742
Q52224822
Q56690292
Q2001430
Q2512899
Q21328593
Q16014346
Q15504483
Q6941330
Q6281272
Q231945
Q6127073
Q7095203
Q2061966
Q2067765
Q52158699
Q704742
Q730261
Q20322598
Q106904226
Q6776384
Q5208318
Q3084824
Q15229674
Q14333983
Q4162177
Q1738590
Q38242
Q8390413
Q478629
Q49143
Q8390410
Q21529778
Q7646580
Q16210457
Q16221334
Q4707118
Q5534046
Q16640331
Q96176403
Q6322038
Q32435537
Q1374355
Q2576716
Q3273170
Q34580
Q4260739
Q943714
Q55328022
Q6734304
Q219400
Q5003580
Q1141280
Q3973331
Q5220341
Q3961850
Q5416858
Q8330868
Q362516
Q32774115
Q1774629
Q20364706
Q65218552
Q68565084
Q575389
Q1822474
Q9683867
Q29950201
Q107030682
Q108788967
Q108789273
Q110043755
Q110112082
Q110112086
Q110112093
Q34989792
Q110043740
Q3898
Q7999496
Q109042
Q17071263
Q4908683
Q15995150
Q14313
Q2584176
Q706641
Q60196478
Q9568834
Q5798337
Q6347362
Q6272788
Q5127147
Q7812362
Q2361392
Q5241586
Q22881855
Q2804875
Q2756126
Q5399978
Q107010730
Q7340063
Q1809951
Q107274622
Q20321521
Q3568297
Q7358390
Q7355154
Q8672079
Q16163207
Q10543834
Q3118562
Q322423
Q9171190
Q4725118
Q9414860
Q18719015
Q25384741
Q8850168
Q8850167
Q20328320
Q785552
Q3152988
Q20363094
Q24190356
Q5505412
Q6243669
Q2593080
Q70653182
Q1348831
Q8599452
Q9496039
Q20376520
Q17100619
Q7153252
Q10223825
Q9067
Q5427950
Q11678546
Q17056111
Q11222975
Q11330303
Q234591
Q333338
Q6141038
Q8973526
Q9690635
Q10741538
Q24059626
Q56696756
Q9417710
Q20337570
Q10335940
Q5547348
Q39053117
Q7794444
Q7812066
Q675146
Q18812507
Q7715119
Q287309
Q4348620
Q4357101
Q4357241
Q8846410
Q8846404
Q64877042
Q101499675
Q11871937
Q29109812
Q7787408
Q2369235
Q56724025
Q9584779
Q183976
Q690148
Q18998974
Q9077798
Q5798853
Q5831555
Q6113271
Q64707906
Q3441270
Q9030717
Q7750706
Q106490121
Q2082509
Q2083106
Q2400711
Q1018174
Q188626
Q572821
Q25397391
Q107990379
Q94580208
Q12258669
Q61070065
Q20102315
Q4018
Q9847031
Q50729731
Q5898843
Q1054289
Q1979585
Q465958
Q61781049
Q13127
Q9337
Q55328378
Q6818698
Q4865095
Q8621485
Q472663
Q25041364
Q5107490
Q499401
Q5046201
Q5108045
Q1542182
Q4992254
Q1952593
Q25554
Q25063967
Q1191195
Q14440444
Q12327371
Q23777357
Q4944229
Q6761
Q21063414
Q2028655
Q526645
Q8702574
Q1616766
Q6342884
Q19729279
Q20362148
Q755844
Q25043117
Q281308
Q3452681
Q105094051
Q8812109
Q22885507
Q7744395
Q55328524
Q8239341
Q6132299
Q100223825
Q6278739
Q18996764
Q5483248
Q9010074
Q97952825
Q12260963
Q1618305
Q10016425
Q84040695
Q6725926
Q16221569
Q18967168
Q6083361
Q19879775
Q21406282
Q15978692
Q5307197
Q5734507
Q529742
Q17042615
Q5423782
Q18997187
Q1747832
Q22883893
Q9348606
Q69937434
Q1774859
Q111366914
Q2220428
Q10373684
Q4920263
Q2931041
Q20342859
Q9560017
Q1258701
Q6036572
Q89350358
Q93495194
Q32692000
Q6696320
Q1396867
Q54217
Q24242519
Q5808276
Q6347477
Q16298802
Q27926835
Q5876715
Q65554697
Q8054758
Q8462127
Q885732
Q2330145
Q58691
Q4923839
Q128121
Q10128693
Q28221948
Q1202567
Q99683
Q314187
Q63943
Q17370963
Q67085856
Q3471209
Q671348
Q8849114
Q2041059
Q635187
Q936905
Q4918618
Q6410302
Q904295
Q1151427
Q985899
Q5353552
Q719562
Q9422160
Q422524
Q5422763
Q6849285
Q16270248
Q7535439
Q8750407
Q359457
Q3343920
Q9666757
Q5958813
Q16279963
Q30933999
Q10393136
Q2894588
Q107036379
Q27510
Q3272007
Q9359281
Q1672918
Q1503081
Q7775441
Q5262438
Q7067934
Q6498742
Q5446700
Q48780368
Q29422
Q9632802
Q5196977
Q5627602
Q9631409
Q24236101
Q6168454
Q9722752
Q1009345
Q22891500
Q3489066
Q268214
Q6845928
Q230523
Q2776915
Q10517794
Q49880955
Q405471
Q3709522
Q54933374
Q1755210
Q11988875
Q11994862
Q213887
Q8718268
Q10200501
Q11225640
Q11228447
Q11646689
Q17370959
Q3709703
Q1058124
Q3665580
Q3739964
Q3742048
Q3838180
Q3939610
Q9150816
Q11695484
Q395843
Q56411521
Q1909192
Q5181163
Q911462
Q8316618
Q5397076
Q6231394
Q2746831
Q7493975
Q7735792
Q1067043
Q22716535
Q1329648
Q53861915
Q14409445
Q6308623
Q8568949
Q525698
Q653787
Q538915
Q109375061
Q5967369
Q9420517
Q19544945
Q17371170
Q2703510
Q5354418
Q873478
Q23355
Q6030066
Q14399210
Q6363385
Q1042452
Q1187642
Q1317466
Q1321777
Q1322631
Q544291
Q14566354
Q226008
Q6156691
Q130492
Q2066638
Q1321093
Q1065661
Q1197189
Q1205631
Q1377821
Q362254
Q5357862
Q8695369
Q11236648
Q2369492
Q2497035
Q5214519
Q9426467
Q25430091
Q10270486
Q10392728
Q1886649
Q2064082
Q9632119
Q5327619
Q912304
Q2321784
Q8396837
Q521987
Q30928070
Q1027880
Q18577302
Q28454104
Q28454142
Q48800562
Q66058003
Q298548
Q11196729
Q16255451
Q18388296
Q20514446
Q20947093
Q21075020
Q22338877
Q22583558
Q24276424
Q63361786
Q20720201
Q16180845
Q16736855
Q9013304
Q17304258
Q30941460
Q26124244
Q45282
Q452253
Q23034429
Q28848914
Q17500127
Q20779386
Q20972211
Q21623339
Q21824862
Q21824868
Q21824887
Q21824912
Q21824947
Q21824968
Q21824990
Q21825065
Q21825470
Q24566664
Q24069365
Q38470
Q38617
Q11124128
Q11966370
Q2417955
Q10745343
Q2756349
Q3626950
Q3626966
Q775231
Q9779042
Q6426767
Q8080444
Q1187834
Q1775181
Q311970
Q320224
Q598728
Q767609
Q6469633
Q12202025
Q1316070
Q130547
Q130557
Q130565
Q328753
Q47875
Q8828137
Q8828127
Q6609652
Q2576879
Q1640877
Q3311525
Q443120
Q538409
Q8086025
Q151634
Q17140
Q219237
Q233817
Q744087
Q8086017
Q14667461
Q15635831
Q16992749
Q11018815
Q2212693
Q798532
Q214466
Q249107
Q313408
Q313941
Q346444
Q8285548
Q1024639
Q130311
Q233886
Q295923
Q311256
Q427469
Q44398
Q55641
Q687785
Q812073
Q850540
Q8285561
Q21057521
Q17811824
Q18015644
Q18550351
Q18567344
Q21057648
Q21057681
Q21058800
Q32476262
Q50596
Q5382948
Q18800
Q8420479
Q2263046
Q10992192
Q16967979
Q2384277
Q6640081
Q484165
Q31213
Q483041
Q495352
Q7035916
Q11010286
Q3709467
Q215369
Q290957
Q311467
Q705322
Q766230
Q8309196
Q8309194
Q4633193
Q483238
Q6661140
Q30904555
Q28405973
Q6606492
Q486873
Q429046
Q483288
Q483363
Q484815
Q488344
Q488423
Q496362
Q8207873
Q7037096
Q6955553
Q30014943
Q25169731
Q711533
Q11007801
Q21058905
Q27663992
Q711501
Q28310645
Q486812
Q153657
Q391429
Q483171
Q483175
Q483541
Q489838
Q7217108
Q25803751
Q1182122
Q65035063
Q128799
Q16212577
Q16301911
Q17496833
Q4381016
Q4762884
Q5042366
Q5085205
Q527697
Q56435543
Q6174878
Q6844482
Q7288351
Q7297084
Q7298020
Q7298541
Q7312891
Q7341661
Q8043307
Q9070955
Q99930415
Q8621259
Q527268
Q11714192
Q494222
Q17573167
Q17573257
Q17573275
Q17573293
Q4876846
Q28048734
Q493727
Q10919869
Q233717
Q487010
Q491364
Q493526
Q486634
Q8294519
Q13627321
Q18478497
Q10971368
Q116396
Q7497403
Q134575
Q153597
Q483980
Q484484
Q494692
Q8737117
Q7029542
Q12599508
Q27965040
Q11106497
Q20313291
Q20745884
Q435181
Q485899
Q194798
Q482991
Q495571
Q495577
Q8299436
Q11233843
Q7694333
Q12580794
Q12590744
Q12594449
Q12618970
Q16097542
Q16097737
Q18698814
Q2001066
Q4952486
Q17015237
Q18158626
Q5732974
Q164678
Q30644120
Q12600918
Q16177982
Q16183318
Q11457992
Q12604497
Q450171
Q483991
Q497283
Q5402200
Q6713034
Q9051178
Q9138656
Q9186003
Q9354895
Q9354913
Q4140836
Q108569294
Q18999976
Q18346203
Q386933
Q7509507
Q30716500
Q484209
Q484387
Q484394
Q484850
Q489667
Q30859869
Q16465976
Q7862904
Q2591401
Q487462
Q493590
Q49580130
Q5360259
Q625732
Q6397789
Q7497227
Q79017587
Q8052399
Q8850815
Q10855622
Q483971
Q24856752
Q7497510
Q186601
Q486478
Q486649
Q491580
Q497319
Q8737216
Q18346235
Q228698
Q5627985
Q488600
Q32673996
Q12581039
Q5013212
Q153725
Q485966
Q491902
Q8334627
Q491998
Q4833755
Q12485765
Q3675341
Q3809977
Q496229
Q5208214
Q8058611
Q8284773
Q28229422
Q10854462
Q498318
Q484834
Q490438
Q5103936
Q626991
Q6546789
Q16326793
Q8063007
Q11704112
Q129484
Q130884
Q6756034
Q6757073
Q6763158
Q6790218
Q6854182
Q82788
Q32651704
Q19794482
Q4834367
Q15703515
Q20732398
Q20694180
Q39054175
Q30196590
Q43073768
Q43181375
Q75103455
Q99517079
Q1225
Q7719443
Q56305217
Q368852
Q18532620
Q489428
Q48967059
Q3709446
Q153773
Q483926
Q484843
Q488400
Q489854
Q8695685
Q654693
Q15078773
Q26827890
Q32475826
Q57911410
Q88273
Q16070940
Q28600464
Q9425462
Q27730773
Q14402395
Q5420484
Q10769072
Q10775090
Q10788758
Q10802388
Q10822003
Q10834841
Q12494180
Q15111667
Q16098027
Q4688701
Q6437313
Q9950550
Q17687480
Q31179359
Q618913
Q65332179
Q4927130
Q10846505
Q10852064
Q16172073
Q22279572
Q27951485
Q31179676
Q7696122
Q32692792
Q6661127
Q498037
Q485667
Q5244665
Q624207
Q6781593
Q9892615
Q9709250
Q16850770
Q6714727
Q11242163
Q1195195
Q13607989
Q496846
Q5512084
Q14623688
Q6029864
Q10797190
Q3228878
Q5909378
Q6409458
Q7846352
Q8835339
Q17300493
Q625566
Q6408847
Q104900500
Q105348835
Q16323115
Q63850969
Q97319986
Q97320177
Q97326265
Q97352000
Q97352001
Q97352002
Q97352003
Q97352009
Q98136886
Q98136892
Q111328668
Q86374585
Q10258537
Q26121298
Q12584419
Q494851
Q498905
Q28407251
Q8725652
Q30852037
Q17063045
Q25038826
Q16097622
Q18566395
Q13099454
Q486443
Q489459
Q6420749
Q5429611
Q20340812
Q4380827
Q5429610
Q280803
Q701041
Q706663
Q710481
Q27994422
Q1460975
Q70723061
Q10884150
Q995456
Q64683125
Q30912564
Q12162929
Q16651655
Q1709539
Q1961597
Q31037334
Q6117674
Q6148866
Q6321752
Q13319183
Q2674991
Q6347503
Q8645589
Q6064090
Q4395065
Q6769999
Q6537297
Q18126969
Q17370471
Q2601849
Q3709441
Q2260034
Q695417
Q3326009
Q5990514
Q9079211
Q490889
Q5991674
Q8961358
Q398698
Q1141711
Q4660654
Q9522291
Q1143521
Q637727
Q184154
Q6209545
Q1660643
Q783088
Q11547141
Q11248756
Q210189
Q506674
Q6083556
Q550420
Q16581087
Q2117263
Q16949684
Q18654681
Q454452
Q18844361
Q98179435
Q6775707
Q65625485
Q107392
Q25215477
Q2254028
Q109463461
Q44304560
Q7626760
Q212289
Q216802
Q1778417
Q918817
Q7619236
Q19560606
Q1406658
Q963626
Q11267486
Q539364
Q2592590
Q2628482
Q30688775
Q522966
Q82923
Q935785
Q8494709
Q7069136
Q2860154
Q402618
Q98090064
Q1536963
Q11221
Q1070519
Q11572369
Q536801
Q7279373
Q7722597
Q1176607
Q4738265
Q106802935
Q106802936
Q106801318
Q8237438
Q3047335
Q40749636
Q40749660
Q111191536
Q17198609
Q4251826
Q43136500
Q29416
Q49742
Q28835472
Q28835476
Q108522993
Q2465969
Q25859
Q227257
Q25064005
Q10953639
Q6347487
Q2040247
Q6298127
Q416722
Q17051272
Q11534881
Q2052136
Q2559064
Q3297149
Q3297200
Q3297202
Q557299
Q8603083
Q9213499
Q51077985
Q52416578
Q11750791
Q11892452
Q11898683
Q16299187
Q16300213
Q8096015
Q99232074
Q99232230
Q11239443
Q1754209
Q16301183
Q32582009
Q18999326
Q16622503
Q80519553
Q55253694
Q2456210
Q10623921
Q114218
Q1857451
Q503770
Q7855882
Q7469758
Q8081158
Q251868
Q6573014
Q1145498
Q1443285
Q1807438
Q2258851
Q372797
Q57700
Q649198
Q70575
Q978631
Q7855810
Q7779900
Q106193
Q8084280
Q213516
Q727980
Q313647
Q6368689
Q552377
Q7214540
Q6347214
Q6257036
Q14334741
Q1184424
Q3709545
Q9107048
Q47495906
Q1233710
Q2733077
Q11668690
Q1602025
Q360634
Q44315
Q557207
Q7824250
Q646755
Q1069164
Q1069172
Q1069180
Q1069666
Q1146391
Q1146860
Q1146867
Q1146876
Q1147233
Q1150098
Q1194684
Q1325912
Q1326336
Q1368612
Q22122729
Q259008
Q3951630
Q584012
Q629806
Q774977
Q845027
Q7824264
Q1164722
Q14333963
Q3709484
Q266544
Q7779941
Q20363845
Q6385334
Q4832521
Q5274142
Q6173236
Q6524229
Q20338143
Q1273
Q10719032
Q7271896
Q30893096
Q437645
Q735152
Q6277027
Q1126287
Q126826
Q156872
Q190155
Q478750
Q664459
Q83468
Q6306324
Q16644473
Q678459
Q55959743
Q11929
Q8990005
Q22740197
Q69888960
Q1010194
Q7220268
Q4672359
Q3748148
Q1155073
Q60311215
Q63197229
Q70571
Q732049
Q73403590
Q8219481
Q6426255
Q18468767
Q18468917
Q84049298
Q2499437
Q8621245
Q12335742
Q299611
Q7535029
Q713733
Q8750077
Q1068713
Q124147
Q1428813
Q182890
Q221494
Q259254
Q486688
Q7270668
Q14292439
Q7271086
Q3709537
Q1230183
Q220483
Q3047286
Q374482
Q551619
Q7812486
Q841767
Q944636
Q8616040
Q9551404
Q76636105
Q4669392
Q10795973
Q3709459
Q1106384
Q1106436
Q2262364
Q2264899
Q353366
Q8173815
Q9175981
Q294334
Q18467601
Q2270855
Q7474237
Q2293686
Q804254
Q313699
Q7855671
Q8302482
Q8085089
Q905785
Q8376778
Q8376777
Q10636769
Q5405487
Q2558205
Q362422
Q468054
Q6359961
Q2657995
Q331016
Q830586
Q7485312
Q10725292
Q296470
Q1419259
Q1082312
Q9527958
Q10191394
Q7402308
Q13412168
Q447196
Q20052576
Q3709418
Q108803077
Q1093250
Q1093400
Q2378709
Q601977
Q6756496
Q9614339
Q8253138
Q9015562
Q6681373
Q3498836
Q10955931
Q6818816
Q313818
Q7999096
Q78161173
Q1327062
Q4162174
Q2266500
Q3953571
Q437713
Q552119
Q6271123
Q661196
Q8934850
Q10627959
Q135498
Q1064474
Q1461269
Q1052165
Q1067812
Q1139388
Q1146361
Q12324128
Q2291600
Q28256
Q289647
Q371289
Q37323
Q37326
Q46923
Q6368694
Q2340551
Q7757050
Q601994
Q6371319
Q3500270
Q1509335
Q2337755
Q271576
Q355374
Q355397
Q555983
Q6357107
Q8491193
Q50845050
Q6347428
Q10909928
Q3542634
Q5548376
Q6277017
Q9633658
Q14407317
Q11812357
Q1159109
Q14334409
Q105891077
Q10347678
Q10361067
Q1393918
Q5661340
Q189166
Q9629988
Q20325365
Q6936368
Q106687022
Q11154988
Q13415448
Q11733309
Q11857783
Q11887170
Q16991210
Q5474046
Q99056262
Q180327
Q55327579
Q16279971
Q4162291
Q2427797
Q56724083
Q395997
Q9515291
Q146342
Q9479328
Q14448136
Q3709548
Q2337669
Q2525824
Q986327
Q10193827
Q4909597
Q85749457
Q7287014
Q2603180
Q14337123
Q106143315
Q20066280
Q2622781
Q4139748
Q4170245
Q4175005
Q32772851
Q9676176
Q10430349
Q3519170
Q1182389
Q310708
Q6944583
Q9681
Q6549793
Q20377622
Q2134871
Q1933165
Q319429
Q2833
Q9096918
Q1142407
Q12043972
Q7153184
Q59213040
Q3495275
Q28444186
Q7772148
Q179200
Q2998569
Q3496820
Q189080
Q240808
Q44634
Q45909
Q503886
Q18704417
Q4801318
Q8261300
Q2414013
Q259667
Q62024579
Q7371704
Q4462260
Q7832494
Q6428503
Q9585773
Q9026408
Q11255301
Q6122042
Q9033803
Q947234
Q83273
Q31979190
Q11335477
Q4382052
Q390203
Q497800
Q498045
Q498174
Q9419839
Q26418
Q9419833
Q11248642
Q11355037
Q11537895
Q11672822
Q18715012
Q11563125
Q9427926
Q14333893
Q3709470
Q4887810
Q5886927
Q6197951
Q6199100
Q13296483
Q13395999
Q6570977
Q2387089
Q234691
Q283796
Q435306
Q508439
Q8461273
Q8461267
Q17371086
Q3709471
Q1170417
Q1171273
Q3992519
Q510890
Q8357153
Q17686636
Q3607345
Q3943180
Q55244989
Q16963163
Q821166
Q10720529
Q2095272
Q3437849
Q1461224
Q188980
Q204751
Q352473
Q7855966
Q7026360
Q459453
Q11450370
Q102229262
Q1041749
Q11392303
Q11546046
Q11575939
Q11584255
Q200740
Q11351277
Q11492682
Q65647211
Q2603291
Q10744700
Q742515
Q23061389
Q442789
Q529643
Q724308
Q826590
Q9537071
Q7217855
Q188670
Q6924398
Q5116151
Q8368141
Q2007661
Q4747357
Q9599495
Q5593874
Q226245
Q7178675
Q8759817
Q6228941
Q27650499
Q20056269
Q1342988
Q9421463
Q3440488
Q1161113
Q6490147
Q3453285
Q74682198
Q33511
Q63487048
Q1964625
Q847897
Q189599
Q204943
Q211094
Q216051
Q6356747
Q220707
Q356598
Q44570
Q5921
Q1046717
Q1477141
Q158553
Q166686
Q1953769
Q2071495
Q2312462
Q2418659
Q7026233
Q64814
Q14334195
Q98918701
Q2273258
Q3827213
Q3857332
Q57408520
Q7818298
Q55959223
Q848393
Q10014968
Q4905424
Q2397485
Q302
Q345
Q7743165
Q8848356
Q8848352
Q28232536
Q2849082
Q3308375
Q6988421
Q935686
Q9584911
Q297869
Q65070056
Q73318466
Q8848870
Q8848866
Q20337105
Q7933166
Q3121834
Q15374556
Q895583
Q20378986
Q3709876
Q16145764
Q1689190
Q1770918
Q2661614
Q3302332
Q11423282
Q11622850
Q2749410
Q7642367
Q3050590
Q5119067
Q5621838
Q5951215
Q9490213
Q6347578
Q3050144
Q14334935
Q16994296
Q2577111
Q17176205
Q19619254
Q1900699
Q7753228
Q22277576
Q23696673
Q4661964
Q4980674
Q6788342
Q8848919
Q6676199
Q4727659
Q575578
Q8235414
Q5564720
Q17151516
Q228028
Q15179691
Q22881531
Q16356792
Q50317512
Q350731
Q95453088
Q20374027
Q3645905
Q8361501
Q45227333
Q282636
Q6605689
Q260557
Q186941
Q915525
Q6357124
Q188464
Q208767
Q7434182
Q16612870
Q1362691
Q6347585
Q2569072
Q9534467
Q9584569
Q4179376
Q9858562
Q2682475
Q9886221
Q2895372
Q959655
Q6369404
Q207601
Q223703
Q375990
Q105674797
Q376623
Q655371
Q1049780
Q23702493
Q265252
Q313502
Q320621
Q343304
Q444021
Q516730
Q7855796
Q1136388
Q1180791
Q136591
Q1473255
Q202314
Q45650
Q622815
Q940536
Q8502628
Q1274440
Q5347086
Q11907
Q8408397
Q6682727
Q8408391
Q4078107
Q23044292
Q4162293
Q4132126
Q542101
Q8257992
Q8257995
Q7733635
Q5213566
Q177544
Q301618
Q7897849
Q8888034
Q20123538
Q64105548
Q64081671
Q7218913
Q10725939
Q25956774
Q701007
Q1391562
Q154978
Q157707
Q1752954
Q282094
Q318020
Q3604441
Q57923
Q612692
Q61334
Q62644
Q706705
Q75869
Q993328
Q6355617
Q6047542
Q137881
Q295542
Q6417072
Q10596222
Q1137488
Q316562
Q7855846
Q182655
Q192725
Q203736
Q487919
Q7570241
Q68453530
Q1189320
Q2133962
Q5538267
Q2080765
Q2082551
Q9441427
Q7775629
Q29915325
Q1182077
Q5313616
Q6085793
Q7220472
Q1414293
Q381707
Q1041700
Q1056320
Q194045
Q317302
Q385381
Q848601
Q917316
Q9460537
Q4928838
Q8844782
Q16099557
Q189419
Q1273265
Q257083
Q354181
Q464238
Q504954
Q1089538
Q9445012
Q25750714
Q12321480
Q12325662
Q1319598
Q4804282
Q6374654
Q24091248
Q25051996
Q555387
Q21479779
Q9652588
Q224016
Q13638959
Q10368635
Q1387603
Q21456954
Q4685255
Q5231220
Q6195244
Q783931
Q8561691
Q7990577
Q10251763
Q4770444
Q2099977
Q48956473
Q55657784
Q1122136
Q4232490
Q4299114
Q4360831
Q4374606
Q9659128
Q203690
Q7716137
Q10514031
Q5593916
Q1208277
Q379208
Q47508585
Q7716133
Q7716135
Q3896178
Q829965
Q5460604
Q204218
Q207335
Q2632
Q5087041
Q5992927
Q8822888
Q103774
Q183048
Q211731
Q255
Q82222
Q2275227
Q169226
Q173643
Q184259
Q185121
Q202698
Q210401
Q210482
Q213718
Q607742
Q609104
Q549544
Q14130
Q3041932
Q8822848
Q2025080
Q2507186
Q449525
Q510991
Q918542
Q10741015
Q7713833
Q2383951
Q8846261
Q8846260
Q4944829
Q17018046
Q9622474
Q9649961
Q1139785
Q20830623
Q9023334
Q550210
Q10104678
Q20154568
Q3537498
Q7328260
Q4162234
Q6210233
Q28654093
Q1401107
Q558276
Q18219704
Q105491260
Q4389824
Q63149818
Q32779940
Q4940412
Q7278360
Q7573718
Q2081623
Q727174
Q8788822
Q4895719
Q6175502
Q10719080
Q1509302
Q224199
Q3512782
Q771867
Q8616741
Q432372
Q557
Q774927
Q943253
Q1675438
Q2287361
Q2309248
Q284854
Q782550
Q901333
Q8616721
Q13452745
Q3291887
Q3709509
Q4761308
Q552649
Q5627025
Q6767438
Q7614288
Q8569672
Q20334323
Q30895466
Q3851993
Q1144015
Q52416378
Q55250712
Q22889055
Q6061175
Q8027584
Q2796723
Q33022578
Q527081
Q715676
Q8084923
Q209055
Q9121282
Q2904707
Q769803
Q14397806
Q11503686
Q8046714
Q7569609
Q11436431
Q11532056
Q11645771
Q1197175
Q3276178
Q4263433
Q9479422
Q11072096
Q9479410
Q17012738
Q6794662
Q1798748
Q8428882
Q3127390
Q1460932
Q18688255
Q2660099
Q9515591
Q14410084
Q7335450
Q1648144
Q55962581
Q7137957
Q101072440
Q8817613
Q8817609
Q16213853
Q20348968
Q5451816
Q10011716
Q11112036
Q95871657
Q20367562
Q12335103
Q21817822
Q395422
Q16996762
Q1077095
Q1115066
Q1115545
Q3998032
Q728464
Q60806006
Q15846492
Q15846500
Q15846509
Q83417
Q1384181
Q1779573
Q707322
Q7613282
Q7815784
Q17103112
Q10705473
Q6606809
Q1087768
Q6378936
Q6545379
Q14440338
Q4357027
Q1132981
Q2530734
Q3121666
Q4357430
Q5604415
Q6389773
Q8505097
Q1870508
Q20056300
Q6756517
Q25215511
Q9036
Q765530
Q98446971
Q7705516
Q2331257
Q3347846
Q372614
Q93783012
Q4354313
Q4760891
Q513144
Q6264970
Q32542071
Q1925941
Q19588733
Q5139643
Q104632047
Q4531302
Q705889
Q65624070
Q32883049
Q1496734
Q2833848
Q2863215
Q3437065
Q13330511
Q10314107
Q11486400
Q11619600
Q11619602
Q11191898
Q11225312
Q11573506
Q7307630
Q7019612
Q3784965
Q1530307
Q984651
Q8705289
Q952137
Q10031149
Q63429917
Q1544975
Q1581205
Q1887085
Q290719
Q4981164
Q25014011
Q29901591
Q535595
Q5220040
Q20669187
Q3444392
Q10221760
Q51684
Q1992894
Q5254648
Q1740855
Q20985839
Q21064218
Q6266641
Q7684821
Q7610371
Q1655484
Q23992728
Q230643
Q101169076
Q143120
Q23992748
Q424984
Q17216471
Q4833639
Q938749
Q7446582
Q446916
Q16998766
Q55960882
Q16660544
Q3306419
Q56260988
Q7177127
Q25042815
Q3098580
Q2117272
Q2734850
Q3565816
Q20370151
Q7538571
Q8057402
Q12320375
Q16739748
Q17101667
Q16204234
Q7132747
Q7051979
Q10892985
Q262631
Q115124
Q122769
Q2571600
Q2837479
Q61730
Q8576629
Q7578684
Q1584098
Q3182505
Q14641649
Q4706651
Q6252471
Q22880363
Q1346874
Q41014
Q7035838
Q192213
Q17371108
Q25040893
Q1905101
Q7087573
Q1903705
Q11307926
Q2433840
Q6767122
Q82834064
Q82834222
Q8846907
Q23124
Q8846906
Q5568993
Q589313
Q1083356
Q5736970
Q611323
Q7094206
Q7737206
Q7805318
Q22885491
Q30646346
Q3497645
Q9534385
Q9584558
Q6788810
Q11684228
Q9089682
Q1751483
Q2165980
Q845465
Q200201
Q11687374
Q10039041
Q404859
Q17468695
Q2706204
Q10126085
Q7416351
Q13468295
Q1000047
Q125014
Q2613205
Q2713323
Q5499480
Q55523649
Q6007206
Q13392175
Q7582144
Q5435001
Q84055631
Q326025
Q14616445
Q7223743
Q861660
Q836768
Q460716
Q903754
Q192103
Q6368317
Q238564
Q64431898
Q70202958
Q7282517
Q14450720
Q1569646
Q2051955
Q2894964
Q3501251
Q739915
Q8871193
Q8871190
Q2914170
Q2132145
Q23921733
Q6285031
Q1633937
Q70643436
Q8086219
Q8086216
Q99675799
Q13490478
Q223854
Q3114148
Q6657138
Q2021888
Q2108714
Q2197201
Q954685
Q5848142
Q5975872
Q6546433
Q8599559
Q15492698
Q377187
Q6504849
Q1018723
Q6720731
Q4921536
Q3900862
Q7027343
Q7346875
Q99676018
Q9557850
Q20343371
Q1554556
Q25401223
Q2529566
Q405221
Q4180845
Q5492779
Q7803763
Q8751574
Q21066193
Q2486621
Q60691282
Q1158987
Q5799009
Q401860
Q19869593
Q6609923
Q2631276
Q16943343
Q1887157
Q540655
Q984323
Q8087036
Q1641864
Q250305
Q3020207
Q8087037
Q18393990
Q1716348
Q110969208
Q1637268
Q1783310
Q223313
Q3307341
Q38461
Q7119676
Q6683614
Q16998346
Q638072
Q2015147
Q2148580
Q2737111
Q458381
Q8261176
Q8261192
Q16659119
Q7749269
Q3306191
Q10730314
Q1290490
Q461564
Q464619
Q962323
Q6378958
Q8773263
Q19752985
Q919702
Q67375098
Q67376152
Q67376796
Q67377363
Q67377908
Q1337818
Q16154913
Q224784
Q3296134
Q179641
Q388591
Q40322307
Q40322332
Q54276
Q16985004
Q7404861
Q722252
Q32534970
Q10623330
Q6732042
Q6397976
Q9518699
Q9498478
Q104640386
Q5568915
Q703079
Q8044799
Q5037644
Q555793
Q6147513
Q4669852
Q7968054
Q12004818
Q87107423
Q12001779
Q4807259
Q4816894
Q6419299
Q7170188
Q7240667
Q11961597
Q9897583
Q108800879
Q100448153
Q16013582
Q226161
Q108087208
Q1344185
Q613412
Q6166609
Q673638
Q6766544
Q8791800
Q9570160
Q11056799
Q1509860
Q1855063
Q6683142
Q1379727
Q172632
Q1775478
Q2002202
Q20830501
Q586794
Q155612
Q178345
Q36677957
Q629989
Q94637828
Q8428711
Q3268401
Q6849135
Q7733745
Q6790531
Q433927
Q5605558
Q58213282
Q10514286
Q223925
Q2553016
Q315758
Q483203
Q723047
Q8849255
Q7345127
Q22674320
Q14376076
Q764649
Q9120140
Q6347159
Q6757167
Q6228159
Q387896
Q568822
Q10983839
Q49622922
Q2053972
Q202246
Q8849800
Q8849795
Q2046537
Q7810371
Q7821874
Q8854321
Q8854317
Q11125544
Q298661
Q9583048
Q9368615
Q10518685
Q24962113
Q1143186
Q10699937
Q1143956
Q1336388
Q323356
Q367617
Q6509487
Q8367611
Q10968217
Q6600014
Q2720166
Q1749065
Q237008
Q254510
Q2744297
Q373733
Q980374
Q6401143
Q6569463
Q96079623
Q17037824
Q22899227
Q403497
Q25168512
Q11791050
Q9627835
Q20338900
Q174243
Q70793374
Q3161702
Q2118207
Q8755741
Q8755730
Q7768178
Q20349380
Q68164569
Q6386115
Q8679841
Q32421133
Q10596087
Q2596124
Q1108836
Q6351579
Q7273015
Q18999391
Q29401118
Q11887699
Q16989500
Q16989945
Q98710367
Q18998947
Q10796251
Q3030093
Q192114
Q720305
Q6509689
Q1113926
Q1929428
Q208513
Q2086436
Q679321
Q8125176
Q1638169
Q356696
Q10584262
Q1688499
Q216100
Q454309
Q553913
Q725147
Q8565918
Q8565912
Q13412509
Q1742141
Q2278979
Q2557035
Q3304470
Q3622348
Q56253638
Q7272992
Q982944
Q14374084
Q97607630
Q15782954
Q12657497
Q12667183
Q2342056
Q2486389
Q3752814
Q83715
Q6182269
Q25056595
Q79439
Q14754928
Q23183
Q18468689
Q4312285
Q4515701
Q65641581
Q4209724
Q16644512
Q16664331
Q16716284
Q4113365
Q4391876
Q32774040
Q380407
Q4182487
Q4258792
Q4307910
Q47479478
Q6768951
Q21150997
Q4354788
Q10635889
Q1093518
Q648196
Q1385386
Q2262996
Q3302145
Q366807
Q463958
Q588175
Q8643394
Q19389424
Q7468877
Q7716153
Q7403314
Q8846593
Q34228690
Q34228747
Q34228790
Q34228880
Q34228917
Q25751269
Q16323459
Q12326434
Q15955205
Q15955214
Q1019470
Q15740667
Q6988676
Q3244512
Q17438562
Q2415892
Q2347029
Q3909681
Q8090894
Q804526
Q16743909
Q16743913
Q7819597
Q861227
Q8302954
Q857507
Q8302961
Q7741307
Q3002402
Q3421539
Q3709478
Q7855729
Q1407424
Q6372758
Q142392
Q10723971
Q227463
Q6907545
Q1039971
Q2080409
Q2454089
Q313668
Q8689829
Q2630950
Q904976
Q8689814
Q1558
Q10593447
Q1570149
Q63515773
Q1104139
Q3304432
Q3486804
Q5043075
Q583470
Q596756
Q619587
Q634763
Q898290
Q8570386
Q9480349
Q8106203
Q1161109
Q1161136
Q48770261
Q7679821
Q8828433
Q8828427
Q4963725
Q2393669
Q2744075
Q3180549
Q457060
Q780787
Q484427
Q8302885
Q10742329
Q225468
Q3030088
Q1369920
Q1399580
Q318483
Q350353
Q366819
Q466980
Q554164
Q921542
Q957024
Q959076
Q960298
Q6370169
Q8858887
Q11365923
Q11378127
Q11630817
Q2757637
Q3313724
Q3498020
Q9426285
Q6847411
Q16238689
Q1894132
Q4724244
Q1757060
Q7770219
Q19678100
Q12337306
Q2095352
Q343069
Q965920
Q8149312
Q1969654
Q8149398
Q14387706
Q1329804
Q522260
Q597936
Q955635
Q8849921
Q8849922
Q10741981
Q5931437
Q15715824
Q4839773
Q84054556
Q1335425
Q2330080
Q375055
Q4405715
Q5922005
Q708218
Q7363533
Q9536509
Q9585562
Q14332
Q7668642
Q9533540
Q9582190
Q1537369
Q6881476
Q3709577
Q1398746
Q14284083
Q1877822
Q2560639
Q643747
Q968014
Q8848844
Q9056337
Q10741567
Q19938823
Q4162220
Q46510292
Q365478
Q709928
Q712368
Q991880
Q8849657
Q8849664
Q68211764
Q6186477
Q14406812
Q4162178
Q167757
Q8389311
Q8389309
Q20375703
Q72925452
Q5782627
Q5990209
Q14334483
Q22895018
Q7010657
Q7753700
Q9051115
Q1984692
Q16213904
Q271981
Q539897
Q741390
Q7430439
Q20318839
Q3048871
Q13413754
Q1429345
Q2272493
Q6078096
Q9479740
Q13412676
Q3709429
Q1168472
Q1842951
Q3304631
Q371232
Q4419349
Q9511787
Q8947937
Q3309155
Q6159592
Q7262952
Q8612635
Q717079
Q10636456
Q1984065
Q591553
Q190576
Q1984061
Q587031
Q8648015
Q8648023
Q4162153
Q9515857
Q7581059
Q488260
Q15706519
Q218038
Q6175593
Q229881
Q8565342
Q9476855
Q26869146
Q7492288
Q7331866
Q1456149
Q65972101
Q3808767
Q608293
Q1586564
Q7172100
Q100915289
Q4635983
Q8209280
Q8651415
Q254273
Q13178054
Q15931978
Q3408028
Q383926
Q714602
Q8072295
Q19845495
Q19845525
Q628852
Q756304
Q190251
Q192936
Q345373
Q13341445
Q8763100
Q8763095
Q18621111
Q107528311
Q5637367
Q9032688
Q241767
Q9531312
Q17127174
Q15084768
Q11701627
Q345811
Q2736069
Q26743
Q16300119
Q16990026
Q26029
Q8503448
Q7402529
Q21154801
Q1427962
Q107300524
Q156726
Q32429021
Q68766625
Q7611853
Q14334943
Q9417764
Q20327396
Q7723340
Q59248077
Q2367392
Q11025651
Q1670169
Q7215704
Q20377835
Q6832145
Q10783011
Q10793739
Q4994369
Q10212324
Q1272949
Q2591828
Q13412317
Q6407706
Q1361323
Q1367219
Q1375657
Q1740276
Q3371210
Q3428945
Q8573911
Q215354
Q8573908
Q10744270
Q225344
Q2059284
Q723294
Q8852673
Q9591341
Q16299382
Q6663357
Q20048713
Q6705294
Q9026600
Q1535872
Q3441778
Q7765541
Q16181777
Q3841606
Q427682
Q736881
Q5530241
Q2123262
Q19197
Q19196
Q17146915
Q19199
Q19200
Q19202
Q19204
Q19205
Q4855893
Q5378825
Q12749204
Q2508581
Q12376037
Q16404230
Q16404572
Q1892774
Q3543778
Q9425214
Q6688021
Q5284404
Q2659332
Q497113
Q3030049
Q302280
Q5378819
Q961196
Q67158975
Q67158606
Q20348532
Q4173749
Q4280009
Q4289504
Q4382291
Q32767057
Q931909
Q2119114
Q62618526
Q13290333
Q20332839
Q17100390
Q3675122
Q3714010
Q16985181
Q745594
Q8310855
Q12008017
Q2555994
Q2561205
Q2716009
Q3301115
Q366044
Q129361
Q32775188
Q11899495
Q6346960
Q124164
Q159241
Q7219634
Q3044863
Q430476
Q1319593
Q204162
Q2250043
Q318694
Q345400
Q346480
Q348704
Q358208
Q43932
Q44653
Q503701
Q8217259
Q408139
Q8217261
Q6347647
Q12181347
Q6187987
Q2771917
Q101536606
Q101537159
Q101537365
Q101537558
Q101537771
Q101537934
Q101538126
Q101538466
Q12290413
Q2855973
Q12274490
Q12275380
Q12283490
Q12297836
Q10152699
Q20330981
Q17100541
Q7415531
Q13392970
Q7315580
Q22922210
Q15706578
Q32350606
Q20351758
Q6185594
Q48876933
Q7155308
Q744181
Q99611122
Q9524046
Q10635200
Q100166315
Q21228389
Q4977326
Q5228969
Q5310382
Q55765510
Q55765548
Q9520187
Q9506124
Q14386495
Q16278711
Q1032413
Q1032403
Q1032457
Q11850521
Q1588413
Q1604798
Q1605762
Q1605793
Q1605800
Q16208533
Q16212497
Q221971
Q2524092
Q2564640
Q316138
Q327212
Q3644590
Q426950
Q5245189
Q5252883
Q6384437
Q642165
Q7788702
Q8506472
Q15030864
Q7426588
Q16687468
Q17370337
Q3877908
Q3709530
Q9230631
Q7719889
Q1340704
Q6321906
Q22768680
Q473463
Q16354645
Q67877716
Q11991685
Q17106918
Q17194913
Q24034757
Q4271226
Q64799314
Q9666277
Q12410105
Q2910279
Q2910590
Q6713017
Q291380
Q3784869
Q3811467
Q3811717
Q3847325
Q3991476
Q3992649
Q8662942
Q10741596
Q4162225
Q431117
Q7582844
Q11128613
Q9632437
Q20316038
Q3643646
Q3849958
Q110412861
Q5609541
Q35001
Q10129129
Q10516709
Q5183833
Q5183838
Q606969
Q8426203
Q9435869
Q3105290
Q233597
Q87204415
Q3616465
Q553016
Q612757
Q716747
Q30076655
Q2904
Q9416795
Q20351246
Q7398621
Q6731283
Q6551653
Q7383385
Q7096439
Q7542159
Q8595294
Q5801600
Q6066765
Q6347483
Q17364365
Q2875923
Q5883157
Q6024930
Q6124726
Q6167832
Q7534215
Q44059
Q6293016
Q47535896
Q55296201
Q25043184
Q925598
Q6319451
Q559609
Q930207
Q10734172
Q1410169
Q7604526
Q1689815
Q1158855
Q1382042
Q1499392
Q20007829
Q2290658
Q28924915
Q525467
Q726527
Q961671
Q8817278
Q8817272
Q8345004
Q25412185
Q16860534
Q24058939
Q963145
Q1216831
Q162850
Q239952
Q315849
Q506601
Q880850
Q8933778
Q6204172
Q80072
Q989022
Q5388109
Q9658828
Q14407597
Q7619041
Q717562
Q6277038
Q8818409
Q2960809
Q10729260
Q986102
Q6347467
Q25403949
Q166818
Q3504183
Q201125
Q1689312
Q5266
Q3410979
Q3495406
Q55298445
Q7749692
Q4682127
Q3294041
Q9413010
Q3726411
Q1762834
Q1305111
Q1218888
Q24060105
Q331733
Q15270426
Q108512626
Q65098031
Q1150769
Q2346849
Q5162569
Q8602863
Q9496566
Q8246794
Q4860429
Q9507218
Q1025401
Q15188667
Q1127217
Q105897779
Q3806499
Q8524852
Q19478728
Q1992590
Q1342470
Q1342689
Q536892
Q5937204
Q10062204
Q18469120
Q373971
Q7049898
Q751814
Q10554029
Q1983904
Q21260915
Q8523601
Q9468382
Q10688619
Q614999
Q973136
Q1195785
Q2455570
Q522988
Q5547925
Q932502
Q6351194
Q8691029
Q720731
Q99701107
Q550110
Q102403151
Q7308015
Q913495
Q12334446
Q2299704
Q155041
Q1622098
Q1815445
Q2079788
Q1733
Q9104859
Q3030024
Q2545626
Q8633718
Q15535926
Q19880695
Q6002692
Q17403213
Q18637722
Q18719116
Q5214275
Q8533642
Q14192966
Q105956275
Q4080557
Q4155751
Q4412007
Q4521366
Q32757883
Q5867784
Q894841
Q1317221
Q5622519
Q108750
Q7805954
Q752426
Q175907
Q2136220
Q714845
Q814065
Q834621
Q6368365
Q8788137
Q20345505
Q4157463
Q4208018
Q9415830
Q4860414
Q20992340
Q28226873
Q28226943
Q6765644
Q15853762
Q21771815
Q2415420
Q6297534
Q6866571
Q3181024
Q4662380
Q56559345
Q7521578
Q8634336
Q9415525
Q7784816
Q8852415
Q470233
Q3029902
Q15216464
Q8386439
Q1066807
Q17052527
Q11217719
Q16203340
Q16285474
Q2293645
Q755830
Q5358775
Q8046060
Q35499
Q15064614
Q15088772
Q4099635
Q4210394
Q9679631
Q7774960
Q3764504
Q37128
Q9682394
Q1095301
Q896940
Q1443233
Q2075551
Q895627
Q1215450
Q5892766
Q937087
Q2287129
Q44301
Q8847539
Q8847534
Q11856532
Q20253873
Q10200171
Q16111485
Q53139113
Q6497744
Q25042896
Q10307749
Q1095506
Q1095522
Q11850748
Q1798526
Q2260332
Q2477119
Q3108780
Q3431314
Q9204689
Q7445988
Q2014395
Q133083
Q13376477
Q270113
Q14335100
Q4162237
Q2467607
Q17370916
Q3709594
Q53489
Q217073
Q7611079
Q47263520
Q47263648
Q47263801
Q63204
Q6835346
Q8817827
Q9575751
Q6670613
Q65937817
Q5019194
Q7485373
Q1044102
Q1340385
Q201562
Q678041
Q7348407
Q256400
Q14409406
Q3709506
Q401435
Q66424221
Q578072
Q10546800
Q154762
Q857064
Q6420745
Q1123314
Q7215878
Q15117086
Q382586
Q7542572
Q5113632
Q4822014
Q8275737
Q10629019
Q1975046
Q6842743
Q528907
Q8628424
Q2322270
Q796031
Q8054843
Q6606618
Q55632006
Q1435934
Q2728860
Q3073165
Q345294
Q447720
Q8054536
Q8463085
Q13362585
Q743402
Q1156782
Q294723
Q327697
Q352051
Q570547
Q926931
Q15112520
Q18390462
Q7233861
Q12713004
Q2601490
Q3857407
Q541599
Q653087
Q8847322
Q7309543
Q6676133
Q600212
Q649381
Q313559
Q434768
Q528140
Q539432
Q7855635
Q8235295
Q14386120
Q1182771
Q595805
Q8367861
Q8367856
Q14334940
Q841793
Q2036038
Q2345605
Q269402
Q3506622
Q714809
Q8849376
Q186327
Q10624302
Q1782689
Q1960214
Q952275
Q1333385
Q1345338
Q1523176
Q1523853
Q2076667
Q2313616
Q2734962
Q3058043
Q3177195
Q434167
Q449658
Q45042176
Q455579
Q8608341
Q7482162
Q13361016
Q781057
Q460536
Q8275553
Q9053641
Q7027569
Q10583973
Q727522
Q1350441
Q2907700
Q3180307
Q664862
Q713183
Q8565114
Q1138361
Q913092
Q8565097
Q852697
Q1900378
Q194333
Q2714150
Q5191384
Q938718
Q74312302
Q9555397
Q584451
Q17101091
Q23879559
Q23879863
Q7983998
Q23797735
Q638536
Q24241598
Q13431415
Q3514875
Q1252483
Q49723
Q10168385
Q14334459
Q19786830
Q25043310
Q2594102
Q10111295
Q11957043
Q113662
Q26708480
Q5212520
Q4999536
Q8549747
Q5215184
Q6311611
Q18467645
Q9563822
Q7259583
Q16195039
Q356994
Q6523515
Q6770266
Q7026739
Q7381769
Q7613221
Q8807977
Q9545176
Q9697320
Q9592332
Q55860682
Q7730661
Q8847523
Q24870293
Q5084426
Q4909391
Q7564170
Q3013155
Q60806246
Q16550051
Q74195
Q5179541
Q5495747
Q20048571
Q4759025
Q1055845
Q9632453
Q17103480
Q520482
Q6791008
Q6347132
Q415890
Q3030115
Q2514234
Q171545
Q217855
Q62667892
Q18636242
Q9402494
Q14447282
Q2641218
Q5438697
Q59212359
Q5107226
Q330665
Q5170391
Q12062352
Q355430
Q25056627
Q97925321
Q9513133
Q9027616
Q5357496
Q7860157
Q97120046
Q20335548
Q413496
Q7206492
Q52474
Q3709419
Q708015
Q55948897
Q9527740
Q22889349
Q9142012
Q101963855
Q6148605
Q9544135
Q4813720
Q6213853
Q13502954
Q6354286
Q920300
Q6276962
Q8376657
Q10734878
Q226739
Q8032582
Q7629873
Q1583128
Q1256761
Q8823122
Q8823117
Q1522
Q7642924
Q5146144
Q3260995
Q7320701
Q3030060
Q1389589
Q20923755
Q579771
Q98690790
Q123196
Q7983703
Q6854893
Q234477
Q96387908
Q87596608
Q1764552
Q9509417
Q7287373
Q13427401
Q5757493
Q4023334
Q8512363
Q7757134
Q3195146
Q6122207
Q8055977
Q9428569
Q6730446
Q9561225
Q102357156
Q7578763
Q1244187
Q1551400
Q4707384
Q5229380
Q7385259
Q184386
Q55307901
Q5985648
Q8531317
Q6161146
Q5213647
Q10253340
Q42536608
Q427158
Q3265073
Q3483993
Q487882
Q1867079
Q64336913
Q9459470
Q5427060
Q4782092
Q6947673
Q8257746
Q7834830
Q65625623
Q13396111
Q8524893
Q9247790
Q3395879
Q8520740
Q9465105
Q12804375
Q707711
Q9415126
Q18997221
Q28024575
Q96379008
Q1063547
Q6430470
Q76514033
Q2963382
Q56570353
Q11337079
Q9427093
Q239459
Q22880213
Q3257127
Q110398857
Q3445845
Q97446189
Q4803202
Q28401278
Q8000295
Q6337958
Q6347550
Q2638769
Q10064299
Q6192760
Q14447979
Q1407293
Q2055443
Q2572828
Q3993067
Q9521775
Q322236
Q7740127
Q23135
Q7306807
Q210891
Q3790487
Q85120056
Q3436987
Q3611112
Q3876077
Q4015351
Q43071956
Q5431061
Q8819556
Q17370871
Q345237
Q26807773
Q26833629
Q9417145
Q1643514
Q17370798
Q109369118
Q341407
Q3709502
Q3229572
Q507503
Q7024
Q9176350
Q70651950
Q1017049
Q8527519
Q404291
Q63385597
Q1276089
Q1608224
Q16225023
Q2737890
Q3182708
Q346794
Q3809304
Q4706303
Q5867084
Q6347346
Q2881210
Q5256518
Q24565823
Q509248
Q7897506
Q6900180
Q1738666
Q3486097
Q100137716
Q1549224
Q2306388
Q4894861
Q762674
Q806241
Q6347381
Q5771951
Q25262623
Q7128416
Q5649773
Q10683616
Q6907678
Q1972554
Q938679
Q8669938
Q9038025
Q16644518
Q4272888
Q4320704
Q4527923
Q207294
Q9453729
Q4761094
Q5463290
Q6532772
Q6957209
Q2731424
Q12336400
Q526501
Q20829622
Q3030048
Q2364370
Q3116249
Q3120164
Q3309766
Q3368939
Q525957
Q32002818
Q716196
Q502104
Q9626807
Q1231808
Q63456689
Q1671768
Q14835
Q9118337
Q9413841
Q18997257
Q2493679
Q9149884
Q24545891
Q15178064
Q10719391
Q2601775
Q8621487
Q7828048
Q7659114
Q2023856
Q2024134
Q3028298
Q4491875
Q9417494
Q12010689
Q17100581
Q4804487
Q3991382
Q9049413
Q10843863
Q1436895
Q10308621
Q2283841
Q4517244
Q722876
Q1428953
Q15920
Q174817
Q484255
Q485039
Q8818405
Q21066305
Q1362
Q6688405
Q4806372
Q3709420
Q7407353
Q7855655
Q9049469
Q26051975
Q8281750
Q6720696
Q16984462
Q144746
Q55949705
Q9557832
Q11959094
Q11962398
Q11966908
Q11977988
Q11986612
Q12006960
Q16163998
Q17057420
Q6831996
Q7047633
Q3022539
Q3168680
Q3479552
Q13336525
Q10728985
Q10673031
Q24059103
Q1386182
Q201423
Q599337
Q709602
Q711107
Q8758731
Q9096153
Q10741268
Q5582342
Q929185
Q8494222
Q9584623
Q34350301
Q34351468
Q34352369
Q34357611
Q7693483
Q1112434
Q16536378
Q2265571
Q3528582
Q16843440
Q7317538
Q6147110
Q7133759
Q17102226
Q110962844
Q110962860
Q245881
Q4761258
Q18820189
Q2918270
Q20344779
Q7544277
Q17103101
Q13774475
Q3856292
Q5605390
Q7150191
Q10080326
Q2500134
Q7810384
Q336074
Q345325
Q7577451
Q1381281
Q5006588
Q5240008
Q5262360
Q7032682
Q8791679
Q25386273
Q6474354
Q109871
Q1478077
Q320499
Q740623
Q798671
Q2937480
Q2829041
Q7166372
Q6072363
Q12054052
Q11812349
Q1153562
Q12022208
Q1501471
Q2567097
Q744984
Q8555073
Q9473670
Q7782432
Q2323768
Q851838
Q6411901
Q16195425
Q7494714
Q2499454
Q16402835
Q17068133
Q97066458
Q16250710
Q17037925
Q51038101
Q97066493
Q97066505
Q97066555
Q15302201
Q2010571
Q7613380
Q9530725
Q9575758
Q10793178
Q607792
Q1174850
Q163063
Q2348686
Q2571320
Q8233363
Q9158171
Q3030020
Q1981469
Q3807501
Q8634987
Q27070720
Q14409160
Q28722048
Q3709493
Q585751
Q32339926
Q9686953
Q6215532
Q7546041
Q6288748
Q8755244
Q24632656
Q213156
Q13582570
Q1575780
Q7944112
Q13382529
Q288956
Q5215874
Q6760992
Q4157107
Q9416708
Q1089095
Q764999
Q16201186
Q59412706
Q48851150
Q4833577
Q101064398
Q7611991
Q9506811
Q9053322
Q14374268
Q17074445
Q426817
Q562582
Q72090432
Q30076654
Q9125
Q8947273
Q456140
Q1164570
Q5229775
Q527957
Q6183840
Q25732948
Q104708183
Q15975559
Q7171860
Q7931545
Q7482468
Q9594156
Q1226536
Q16919229
Q15513761
Q7287369
Q84077968
Q1183010
Q4960952
Q6347091
Q6214424
Q705649
Q6846981
Q2252546
Q18389758
Q17062521
Q4656342
Q4925390
Q5245234
Q5309340
Q7261048
Q7737086
Q7936255
Q4790444
Q7742102
Q1267155
Q432879
Q16214446
Q4758149
Q28737056
Q28737074
Q4980309
Q6167179
Q6816446
Q24193258
Q48790567
Q3665646
Q5372
Q20331215
Q6966069
Q25051949
Q105924444
Q28814466
Q17055670
Q6372199
Q6789365
Q7283680
Q3272945
Q4790156
Q3624045
Q3624272
Q4084949
Q4169151
Q4372612
Q7856419
Q28665827
Q4114963
Q4124850
Q4154040
Q4453607
Q4473821
Q4526872
Q9433458
Q7859641
Q16983468
Q12393101
Q6681044
Q4840224
Q3155648
Q8285661
Q2570025
Q108479646
Q108479737
Q108479805
Q5004463
Q9413187
Q1337795
Q208701
Q310988
Q6186
Q3326069
Q5885722
Q111016455
Q38404897
Q20181975
Q153346
Q8289829
Q9042950
Q55325450
Q4874847
Q3618528
Q2295470
Q511259
Q9529226
Q9567875
Q22879936
Q325377
Q12715475
Q3709552
Q106662
Q363260
Q6365197
Q239303
Q8733667
Q6274898
Q2627352
Q6030281
Q9182722
Q4898532
Q8298598
Q4926351
Q4095216
Q49221
Q9558065
Q20358676
Q7380105
Q7366907
Q23784427
Q7683873
Q19867599
Q17016541
Q7821381
Q5370887
Q49176339
Q470408
Q60419970
Q6627914
Q4162211
Q287933
Q8804928
Q8804925
Q4162195
Q2320887
Q14444316
Q7939810
Q3022643
Q4457823
Q592252
Q901523
Q2593109
Q9169228
Q810794
Q6716742
Q4899149
Q7819441
Q9554084
Q3046632
Q14334482
Q6347454
Q111445242
Q4343922
Q4442555
Q49707166
Q9642813
Q1773755
Q10741065
Q7721449
Q3433399
Q526406
Q548160
Q8846873
Q1632784
Q962638
Q8846871
Q4905481
Q4905483
Q8299507
Q6011291
Q188574
Q722395
Q8421956
Q9435823
Q102528
Q792875
Q8302595
Q55326608
Q10725153
Q843219
Q7420055
Q15851190
Q2033682
Q2430490
Q3313253
Q449466
Q819016
Q99590412
Q99590423
Q99590644
Q99590649
Q99611384
Q99671846
Q99674507
Q99676929
Q99676972
Q99690276
Q8704103
Q8704093
Q14406782
Q5227967
Q877858
Q2027935
Q9632835
Q3481422
Q9535753
Q9584838
Q3987042
Q16910
Q6720741
Q4922029
Q432118
Q47091723
Q733103
Q16743350
Q17100305
Q5622337
Q6396763
Q6446934
Q7282150
Q7407803
Q4945171
Q6723177
Q4945430
Q99770619
Q99770622
Q99770629
Q99770632
Q6519584
Q11774421
Q23063361
Q73909
Q95199889
Q95219961
Q55326983
Q1480490
Q5765980
Q20676514
Q9817524
Q855032
Q55327380
Q9560986
Q10741293
Q7742918
Q612951
Q991633
Q8848335
Q646225
Q8848332
Q26180734
Q3638266
Q5332655
Q2666679
Q24964701
Q2061238
Q7622535
Q9532863
Q9101850
Q10537330
Q203159
Q2920369
Q68981254
Q6327891
Q964960
Q211696
Q215835
Q26933
Q6364058
Q1382570
Q5950
Q372055
Q729387
Q8850490
Q22879301
Q9336993
Q19619517
Q12303739
Q12312217
Q12338490
Q12341569
Q943173
Q9973322
Q1224508
Q15852456
Q11702730
Q41252
Q108414888
Q2360376
Q4755506
Q61060901
Q7781284
Q55328011
Q60028650
Q967746
Q219208
Q6941311
Q733837
Q258053
Q263772
Q8507557
Q8507553
Q3715099
Q3610545
Q3610691
Q3702153
Q3741537
Q3779954
Q3972365
Q3993229
Q16557506
Q3764254
Q45475455
Q45750442
Q45751021
Q45752578
Q45753436
Q45756105
Q45756576
Q200344
Q4162305
Q1658597
Q4036952
Q4383737
Q9638045
Q22841793
Q398053
Q18406747
Q14943774
Q15065012
Q16680054
Q30345975
Q4481950
Q4527671
Q51094
Q911
Q28664526
Q28665801
Q4517323
Q9510767
Q2903737
Q5744439
Q111009173
Q8848454
Q8848450
Q1935683
Q7550639
Q713521
Q8757017
Q5362105
Q6731679
Q4162158
Q4536091
Q5752325
Q7586053
Q8317214
Q16918621
Q2010706
Q96644113
Q101161002
Q101161168
Q101161289
Q101161499
Q102036405
Q105319065
Q6648506
Q16193271
Q2982426
Q4892803
Q5966417
Q1041271
Q1077894
Q12682801
Q2962232
Q3014980
Q3229133
Q15216434
Q11227424
Q15059259
Q16769488
Q17159914
Q30930679
Q8955632
Q16076120
Q17434467
Q18817824
Q30941215
Q9293309
Q1319433
Q346187
Q39058980
Q1051915
Q1186617
Q2874842
Q3056524
Q3433096
Q3482408
Q38106535
Q864319
Q864356
Q8389789
Q17062827
Q16083607
Q16173535
Q18325355
Q18325356
Q9300078
Q17984242
Q707193
Q8038969
Q8530618
Q1865245
Q2466834
Q2527405
Q2999387
Q3040446
Q683290
Q6367564
Q17302045
Q494992
Q494996
Q495000
Q495009
Q495020
Q498071
Q7325656
Q23044883
Q12586856
Q16081215
Q16173980
Q16184245
Q31177864
Q71440403
Q71442517
Q71443436
Q20732409
Q11330499
Q11651377
Q20442439
Q16767981
Q20687781
Q24855839
Q24855952
Q28863814
Q60408579
Q1895258
Q5325692
Q2266042
Q2356352
Q2798270
Q56604931
Q27126815
Q27841676
Q20370274
Q60535820
Q2749486
Q4982861
Q6376289
Q7967149
Q6201629
Q6651009
Q16126719
Q19750540
Q19750811
Q25939080
Q15108758
Q3279549
Q57398732
Q99394299
Q15144965
Q7395218
Q528975
Q13362712
Q6606491
Q4633185
Q8207876
Q3142
Q17485339
Q40794794
Q4203283
Q483271
Q483410
Q484182
Q486014
Q18393788
Q12605358
Q15934116
Q17478642
Q17484113
Q19940498
Q99521080
Q17504736
Q17128413
Q389067
Q486196
Q491515
Q596923
Q18145384
Q20696235
Q51775559
Q104552508
Q104552871
Q104621088
Q104658708
Q104713852
Q104725802
Q104804999
Q104805126
Q15370726
Q15723463
Q16172417
Q16175470
Q17007143
Q17411698
Q17411768
Q18398213
Q19798115
Q19852337
Q21017044
Q21017047
Q22077829
Q22099287
Q22100939
Q22101305
Q22101310
Q22101466
Q23670982
Q24270759
Q24451664
Q28070606
Q28410533
Q29913584
Q30325865
Q30941069
Q30941444
Q30942075
Q30942080
Q30942082
Q30942084
Q30944138
Q30950900
Q31178237
Q33129352
Q37776912
Q47332349
Q47333053
Q47452434
Q47463660
Q47464121
Q47464482
Q47465731
Q47465794
Q47490938
Q47536038
Q47542425
Q49255144
Q49255164
Q49255173
Q49255185
Q49255195
Q49255218
Q49255251
Q49255261
Q49255280
Q49255289
Q49255299
Q49255308
Q49255311
Q49255329
Q49255349
Q49255359
Q49255370
Q49255390
Q49255419
Q49255456
Q49255497
Q49255506
Q49255515
Q49255525
Q49255547
Q49255559
Q49255570
Q49255589
Q49255600
Q49255622
Q49255651
Q49255661
Q49255672
Q49255683
Q49255693
Q49255723
Q50410474
Q55428451
Q55974001
Q55984187
Q55988717
Q55990999
Q56006363
Q56008033
Q56008821
Q56026012
Q56030505
Q56042095
Q56042130
Q56042175
Q56042407
Q56042488
Q56042537
Q56042658
Q56042877
Q56042911
Q56042962
Q56042999
Q56043047
Q56411620
Q56415268
Q56415875
Q56416001
Q8686
Q16030121
Q13451583
Q498324
Q1050655
Q1050688
Q1136384
Q11531466
Q1185834
Q17362581
Q17362611
Q18817333
Q20018004
Q20040201
Q22975159
Q24860524
Q27150970
Q28069161
Q862585
Q867963
Q868220
Q31062875
Q7446035
Q7469295
Q9240
Q13608851
Q12485804
Q8560157
Q14399453
Q2263787
Q1076156
Q11356556
Q11399408
Q11414087
Q11467786
Q11495847
Q11614900
Q2369595
Q2496429
Q2496439
Q3276161
Q5354384
Q9414525
Q2353969
Q11243942
Q482990
Q233385
Q233894
Q233911
Q253619
Q276158
Q466975
Q7156770
Q7213951
Q12226626
Q2448718
Q1072383
Q212772
Q254962
Q256824
Q977999
Q8492331
Q7256967
Q27786267
Q22977074
Q11250367
Q7857863
Q23001012
Q483283
Q27826262
Q20688186
Q20688219
Q22773838
Q22774055
Q22804243
Q23012025
Q23779926
Q24043625
Q25374501
Q105036818
Q105036822
Q22122873
Q104177211
Q24032387
Q19305
Q7432266
Q20155553
Q237848
Q8707579
Q55278428
Q46925135
Q48078479
Q46925058
Q16097636
Q48484816
Q48484818
Q48484819
Q48484821
Q48484824
Q48484826
Q48484829
Q48484831
Q48484834
Q48484836
Q48484838
Q48484840
Q48484843
Q48484845
Q48484847
Q48484850
Q48484852
Q48484854
Q48484856
Q48484859
Q48484861
Q48484862
Q48484866
Q48484868
Q48484870
Q48484873
Q48484875
Q48484877
Q48484879
Q61118023
Q65214126
Q97224205
Q50845978
Q45027238
Q9690518
Q30944208
Q23445
Q429220
Q25926136
Q28417943
Q26262599
Q26707663
Q27655344
Q27655361
Q29093796
Q63871241
Q26763329
Q10898133
Q230943
Q5971852
Q30080671
Q19970646
Q48989772
Q101069486
Q104842908
Q104845871
Q55698219
Q48893612
Q56259179
Q56816418
Q56816551
Q56824821
Q56825122
Q57317398
Q57318729
Q58224261
Q58825704
Q58825794
Q58825825
Q49846641
Q100152817
Q30846486
Q3030123
Q3457830
Q464645
Q495099
Q495302
Q7237885
Q619324
Q715175
Q24242626
Q8194176
Q1149403
Q1191506
Q1191514
Q50033
Q6728344
Q9425905
Q18335924
Q17100419
Q18921974
Q22965780
Q28065951
Q28148022
Q18014350
Q547364
Q14334845
Q4301826
Q7453066
Q2660446
Q27832549
Q3320764
Q3399600
Q41295940
Q41296160
Q973066
Q8732213
Q14396463
Q10847122
Q10850888
Q1155446
Q29915049
Q11384112
Q11425425
Q11466623
Q24859218
Q10847182
Q15147105
Q17224158
Q17988616
Q18234484
Q9418040
Q11348
Q100743917
Q487061
Q340123
Q464623
Q489432
Q489556
Q496501
Q8432682
Q10954099
Q6347020
Q1750721
Q1775050
Q2883646
Q6948182
Q9010157
Q8063245
Q3096621
Q109844157
Q4690569
Q486942
Q488725
Q489006
Q492691
Q492767
Q5249793
Q621380
Q7302004
Q9522072
Q79797
Q13235160
Q4071003
Q4071006
Q17056288
Q6720321
Q483633
Q483638
Q483642
Q493899
Q496580
Q624995
Q7842163
Q6999173
Q24865528
Q12711168
Q20054775
Q5358859
Q5359606
Q5359619
Q60806767
Q8615069
Q93375805
Q26600
Q7458927
Q493502
Q491568
Q495069
Q497761
Q498199
Q8726648
Q6987076
Q4976138
Q491278
Q626325
Q10258419
Q21554828
Q4658835
Q2495400
Q4460516
Q4798670
Q487831
Q492666
Q492738
Q6762473
Q6454474
Q9517388
Q232491
Q487560
Q490056
Q625121
Q12332353
Q485279
Q7640699
Q12617359
Q16084047
Q16177889
Q19603724
Q486594
Q493676
Q66817858
Q12624965
Q15438611
Q7284564
Q10920433
Q10923947
Q12588463
Q12588796
Q12590427
Q16181978
Q16183011
Q17300489
Q6459706
Q86665776
Q492065
Q9021940
Q9399932
Q18355110
Q18379327
Q96761053
Q4920177
Q17490344
Q22984580
Q18205218
Q16092089
Q16171991
Q16173210
Q16183093
Q16183324
Q16767745
Q16767748
Q16767898
Q18698529
Q18422132
Q12613091
Q12619628
Q22974522
Q22975035
Q25842426
Q27951483
Q27951586
Q60233363
Q15154003
Q5210136
Q15223756
Q16083143
Q16090220
Q16090396
Q16092017
Q17403471
Q20779702
Q6379003
Q534424
Q19940755
Q16766702
Q16767600
Q16767951
Q16767990
Q20819890
Q18730572
Q4958352
Q108261160
Q108261214
Q108261225
Q108261235
Q108261336
Q108261380
Q108261425
Q108261472
Q108261504
Q12607673
Q49847346
Q10977213
Q1232712
Q1072688
Q604249
Q741256
Q6361016
Q34664
Q9425331
Q7021106
Q11029871
Q6606918
Q21576613
Q2680863
Q11862851
Q13408637
Q8824834
Q7036960
Q991255
Q19515588
Q29477838
Q6410323
Q7075953
Q85877652
Q17508460
Q8053778
Q10843776
Q5611712
Q7858410
Q7387188
Q13504720
Q24837398
Q6606844
Q3030030
Q289808
Q699768
Q702539
Q51929368
Q8694427
Q5357304
Q270762
Q5466851
Q29915405
Q10969688
Q674873
Q151830
Q19810
Q19845
Q219878
Q236005
Q6262586
Q8791413
Q485915
Q16466342
Q18422139
Q64516753
Q96837241
Q65056889
Q60829936
Q60870263
Q60870265
Q60870266
Q60870268
Q100152791
Q61777944
Q228193
Q1041699
Q2875286
Q3056599
Q3119105
Q3180188
Q60864013
Q9417131
Q230430
Q3715199
Q167474
Q2011929
Q58931
Q11356726
Q11364515
Q11364592
Q11372241
Q11384288
Q11410361
Q11414103
Q11414304
Q11414358
Q11415655
Q11439206
Q11450014
Q11455317
Q11456955
Q11457896
Q11468790
Q11469941
Q11473228
Q11480781
Q11487091
Q11522239
Q11530849
Q11533383
Q11541864
Q11543411
Q11543607
Q11550218
Q11580245
Q11584082
Q11598235
Q11634488
Q11635434
Q11648666
Q11672097
Q11672295
Q2829025
Q2829039
Q3027384
Q3027473
Q3109945
Q3180163
Q3194409
Q3194479
Q3280820
Q3314748
Q3471669
Q3473966
Q3490677
Q9019077
Q8700814
Q1180327
Q17062415
Q6019937
Q62423241
Q18028265
Q3135082
Q3015861
Q162035
Q6372437
Q2221241
Q256677
Q54935959
Q54943664
Q18378352
Q1061649
Q103821975
Q103822062
Q103822073
Q103822084
Q16080950
Q16179972
Q23895155
Q69696472
Q3043962
Q5587430
Q7842273
Q1343480
Q275170
Q1044635
Q852775
Q4833640
Q16214541
Q2096443
Q8282252
Q7368687
Q20355866
Q79400257
Q17427529
Q17427572
Q6031268
Q52154438
Q100397038
Q1013717
Q3966181
Q4162224
Q1365476
Q9584831
Q5229772
Q409723
Q4162196
Q2490265
Q441161
Q8593687
Q7772186
Q11338726
Q3487052
Q4349710
Q4931868
Q5395669
Q5545020
Q7154241
Q9535970
Q9584851
Q71129623
Q7612225
Q71133378
Q6769376
Q507314
Q105636940
Q7489834
Q1542147
Q2612773
Q471650
Q471656
Q8453463
Q8359365
Q8069494
Q7562959
Q1759052
Q11184096
Q18910370
Q4162213
Q2392599
Q9790595
Q6672756
Q227677
Q4697702
Q2316409
Q388769
Q13917
Q8854977
Q1363881
Q7245230
Q698567
Q714449
Q5125020
Q5745166
Q59600412
Q805130
Q61886374
Q61877062
Q73731649
Q26180883
Q1278335
Q58640952
Q58640988
Q60933670
Q131433
Q142636
Q272931
Q864106
Q60931339
Q225525
Q20858190
Q5358395
Q29480448
Q37108481
Q18385316
Q4928399
Q294833
Q280182
Q7237595
Q1786810
Q5557053
Q5337773
Q7906340
Q13553818
Q20205345
Q677191
Q9555035
Q81203833
Q105296807
Q325987
Q4581849
Q6033149
Q1659592
Q7919609
Q5005851
Q1174042
Q7342991
Q2463227
Q259295
Q17150703
Q56616271
Q5226163
Q7821350
Q18155323
Q28401359
Q60354962
Q3873357
Q6712237
Q9498299
Q3665719
Q6181245
Q11154218
Q4635270
Q176311
Q11566418
Q5587114
Q20716480
Q840500
Q8931265
Q10850823
Q10856146
Q17193512
Q7429043
Q10016154
Q105826565
Q106999658
Q2959986
Q104998197
Q447815
Q50161924
Q157443
Q1326340
Q369174
Q73007
Q150651
Q213512
Q3324468
Q4538
Q460876
Q25056939
Q22909830
Q22930983
Q5087016
Q37943972
Q37943981
Q7708718
Q448930
Q64392223
Q64392224
Q6872796
Q24940
Q19803037
Q22974383
Q16071030
Q18697707
Q32671334
Q42135
Q28468035
Q6496398
Q6496399
Q6347081
Q37944025
Q37944034
Q1931130
Q37944186
Q37944196
Q1091739
Q107273841
Q2149336
Q692557
Q20317865
Q3319642
Q104905045
Q1899976
Q466158
Q24917172
Q5167244
Q37944400
Q592236
Q8232490
Q274117
Q102338826
Q11436560
Q7497789
Q11389121
Q11445520
Q12320846
Q12328869
Q775791
Q24874445
Q452038
Q66483712
Q1143672
Q910663
Q2714014
Q8085053
Q37944476
Q37944486
Q11462331
Q264989
Q17002611
Q5596452
Q1534821
Q4045303
Q16974858
Q19858088
Q7564368
Q7748421
Q5205349
Q40096
Q553846
Q767950
Q223970
Q25056629
Q22907501
Q5711758
Q9200705
Q64814807
Q57245231
Q57245398
Q16205023
Q31078354
Q25430796
Q7634249
Q5995553
Q131814
Q208871
Q8532127
Q8532125
Q37944696
Q37944705
Q2159630
Q6905727
Q7637742
Q8639922
Q18392088
Q54591992
Q54592027
Q11979075
Q6028635
Q12010
Q12012
Q16988130
Q5249895
Q63346976
Q5510816
Q39052841
Q18160119
Q1018418
Q19574136
Q7723243
Q3182268
Q3187212
Q86341626
Q7132113
Q28835535
Q28835536
Q9235418
Q73145581
Q1803720
Q3610274
Q1753317
Q2743696
Q597799
Q9434596
Q10816969
Q110098889
Q947873
Q6943755
Q7055807
Q37944925
Q37944934
Q269094
Q319693
Q1364648
Q8041205
Q6322653
Q1691719
Q37945017
Q104661940
Q1502755
Q6552076
Q7553871
Q60806011
Q32105870
Q233903
Q55249999
Q108098663
Q138235
Q2006198
Q108645075
Q108645084
Q209429
Q5442991
Q37945185
Q37945192
Q1978928
Q1978078
Q24052371
Q5386059
Q30738671
Q364214
Q9446822
Q19011392
Q19011393
Q16242472
Q37945239
Q37945244
Q9247801
Q42211655
Q96100294
Q25270
Q207468
Q5433846
Q6347174
Q1199942
Q66375111
Q66375114
Q11854560
Q5475721
Q8765540
Q7932778
Q35630709
Q191719
Q201514
Q109317839
Q2941004
Q55251962
Q109476667
Q368417
Q8472383
Q1209276
Q30645340
Q16958551
Q1738428
Q65720764
Q17364294
Q7831575
Q84865938
Q84865966
Q1311939
Q62030370
Q115388
Q16874552
Q4747458
Q20364628
Q5501075
Q6663351
Q29093967
Q64214815
Q24988592
Q20353288
Q3404350
Q445803
Q4994680
Q100774399
Q108547324
Q20191701
Q113358
Q25190280
Q187659
Q15300817
Q21189494
Q56063009
Q671665
Q65766968
Q3376840
Q1382233
Q3403341
Q84686944
Q110197367
Q56045841
Q5980804
Q16997445
Q6787845
Q6347464
Q3089738
Q3855113
Q101225426
Q37945985
Q6120040
Q355859
Q100323996
Q1794651
Q19560385
Q7049665
Q6704391
Q37946002
Q37946012
Q913195
Q30898020
Q206687
Q15929361
Q16960815
Q6347285
Q37946063
Q6100244
Q29915610
Q2080069
Q3018637
Q27557434
Q37946179
Q37946189
Q48784176
Q37946307
Q37946318
Q2591312
Q19885656
Q2366305
Q11874004
Q12871969
Q3242258
Q138858
Q21470120
Q21470122
Q7354268
Q3552325
Q488362
Q11236079
Q22885109
Q7688494
Q286934
Q228826
Q228832
Q8213923
Q524233
Q773516
Q63057934
Q63057977
Q20735680
Q203329
Q37946553
Q37946563
Q21066790
Q7328087
Q56400761
Q24451149
Q24451160
Q20357200
Q16873714
Q29915779
Q61012979
Q7038113
Q19194604
Q19194773
Q6285011
Q54601055
Q54601089
Q7735528
Q5524109
Q65089463
Q25045550
Q18060890
Q18060891
Q55960555
Q734547
Q1765101
Q254748
Q1123766
Q16943561
Q16956564
Q16991776
Q25828212
Q17150626
Q1972952
Q484874
Q10398667
Q86675600
Q14633433
Q722363
Q9108599
Q9419705
Q1156313
Q1409100
Q1702358
Q54889438
Q55065263
Q55065280
Q39946570
Q6359606
Q101093917
Q101093977
Q489205
Q32577606
Q16105195
Q55861594
Q67608461
Q6386962
Q720115
Q6704492
Q20659518
Q20021059
Q1441539
Q1441552
Q18149622
Q19859744
Q7743750
Q3246911
Q465130
Q8848381
Q13583169
Q3296979
Q85784250
Q6322914
Q21482847
Q24059043
Q25042844
Q7774152
Q5247795
Q4944043
Q47781397
Q28407287
Q97412350
Q22747087
Q54607228
Q54607285
Q2411682
Q54561994
Q54562006
Q707990
Q835831
Q6777531
Q4001034
Q97343040
Q3272806
Q234685
Q80041
Q8850544
Q1973965
Q54562931
Q54562944
Q55739797
Q65949545
Q932884
Q21143692
Q27925639
Q61123376
Q61124101
Q1570175
Q68103394
Q5967604
Q6780266
Q22338517
Q54563240
Q54563251
Q6702149
Q7340242
Q2289466
Q22102010
Q2752337
Q468212
Q17370924
Q55274351
Q110398872
Q1334670
Q4981455
Q106842940
Q12338564
Q21817549
Q354334
Q103842311
Q596698
Q60160358
Q10965540
Q12328958
Q54562332
Q54562357
Q21817351
Q54562789
Q54562809
Q98242348
Q2270698
Q2934217
Q17566647
Q7695278
Q6172853
Q13168380
Q13174874
Q8564969
Q29915401
Q5972994
Q6171416
Q990293
Q11163369
Q2879885
Q6313173
Q3030061
Q25845832
Q25845833
Q9417643
Q104872176
Q14648645
Q6968340
Q985266
Q21076
Q96884744
Q54563677
Q54563681
Q55861525
Q55861526
Q13571784
Q3030071
Q2742628
Q3646513
Q9795145
Q22137990
Q22137991
Q16242397
Q513926
Q4527507
Q16777000
Q14838709
Q1370292
Q5004619
Q2631754
Q369375
Q9515766
Q7721430
Q1250861
Q577671
Q3290822
Q7285002
Q928282
Q7322562
Q54564344
Q54564360
Q4828003
Q530187
Q15462523
Q2292440
Q15852436
Q8053529
Q1198227
Q33076358
Q9059863
Q24057864
Q5982435
Q9012232
Q4186855
Q9411399
Q2035590
Q1429719
Q8849040
Q9035
Q1546095
Q542886
Q30895055
Q538488
Q930042
Q30864481
Q98381945
Q76293699
Q236034
Q65230133
Q475607
Q4825841
Q24418955
Q24418980
Q474605
Q57061085
Q7864536
Q8052518
Q3739104
Q84263196
Q18558499
Q7503428
Q8406763
Q54349
Q18608225
Q18608226
Q17104246
Q16222346
Q8058013
Q15381210
Q54565332
Q54565353
Q5997089
Q6732140
Q71327512
Q12181597
Q16300756
Q23641872
Q1784031
Q2816856
Q2836068
Q642477
Q219076
Q2398752
Q3090176
Q554025
Q8832945
Q2654896
Q9137167
Q2577937
Q236066
Q236075
Q8212575
Q100251278
Q347023
Q48996
Q7385450
Q11399289
Q11502706
Q101488768
Q54565527
Q913781
Q28648408
Q28648410
Q1008152
Q5395773
Q54565703
Q5323891
Q3366030
Q9652313
Q54565382
Q54565394
Q912855
Q3484224
Q3019058
Q55861199
Q55861202
Q28401444
Q19816655
Q55434946
Q1750041
Q3294210
Q2379782
Q3017989
Q29915317
Q1198887
Q22813458
Q9369646
Q24988539
Q5418138
Q2895586
Q5274430
Q393401
Q213670
Q71588
Q12334679
Q12337786
Q66004427
Q15868605
Q7619051
Q28648427
Q28648429
Q11845318
Q15408061
Q11164158
Q51325378
Q6351660
Q19967341
Q21074442
Q107212781
Q104627236
Q12340136
Q10130825
Q310553
Q54567849
Q54567879
Q60769008
Q104695967
Q104695968
Q4990656
Q5974432
Q28867602
Q28867603
Q3499720
Q78216660
Q3169752
Q54567362
Q81218284
Q291116
Q545750
Q18355645
Q20896233
Q18532049
Q98148448
Q304675
Q2333298
Q63966930
Q15446043
Q1871312
Q65037312
Q24974498
Q1950775
Q7498894
Q5994775
Q6099423
Q7613061
Q54569587
Q6124287
Q105299957
Q6846130
Q424628
Q5113123
Q25384036
Q1581075
Q1277887
Q25750725
Q25043848
Q12328663
Q29093694
Q29093714
Q2902325
Q3011762
Q77833621
Q1809861
Q29093534
Q29093555
Q105442312
Q109552649
Q4708819
Q3967242
Q2384158
Q3007114
Q3070569
Q3163353
Q388009
Q669118
Q40326478
Q40326498
Q3161622
Q3313564
Q5230382
Q10094652
Q11085791
Q1348150
Q514969
Q18233
Q202741
Q484918
Q9468996
Q10728865
Q768450
Q4039
Q655502
Q6488039
Q8781180
Q200673
Q336278
Q433587
Q7354095
Q2081568
Q22811461
Q2701368
Q253838
Q3008
Q9584805
Q24845343
Q28835666
Q12594692
Q12603088
Q64667116
Q13430496
Q338050
Q467714
Q12126918
Q21089
Q1274208
Q2938630
Q7537152
Q8996301
Q12594399
Q495413
Q625372
Q10187494
Q713454
Q32561706
Q12156270
Q22884137
Q4162191
Q2584589
Q3917813
Q8976519
Q17062640
Q491048
Q492313
Q6161886
Q1208083
Q75036548
Q3547277
Q3548617
Q1131483
Q9436406
Q2569184
Q111370394
Q16106948
Q21898058
Q7728339
Q21552137
Q25907735
Q9417658
Q16946347
Q2979323
Q2097750
Q28835463
Q14876
Q7100072
Q25215533
Q939838
Q25215531
Q30643420
Q7293407
Q7302015
Q61142662
Q1154168
Q54572009
Q54572134
Q54572170
Q327125
Q7177030
Q21817275
Q153578
Q28867613
Q28867614
Q7782977
Q54573851
Q54573858
Q1841171
Q28835469
Q27927733
Q2849821
Q3189064
Q129668
Q33999
Q4944104
Q106631129
Q28151611
Q42664261
Q2478478
Q107274501
Q48869098
Q7582857
Q2843564
Q9414636
Q54574932
Q54574975
Q22840976
Q87618576
Q236135
Q263621
Q22260088
Q6485423
Q1656197
Q539435
Q73620
Q8976946
Q14355702
Q16663139
Q9532448
Q170238
Q54574074
Q54574091
Q110897356
Q1542180
Q29045078
Q24236096
Q324075
Q1799254
Q67130788
Q67522114
Q67522501
Q20665996
Q12308641
Q54573959
Q459955
Q695278
Q2087267
Q6681212
Q13727
Q4775176
Q15831269
Q183008
Q13245339
Q4961171
Q4974599
Q76390
Q20968620
Q5605802
Q7143604
Q551514
Q4924932
Q95569505
Q5560298
Q95570484
Q39059767
Q5046705
Q60648144
Q14387696
Q267330
Q7718356
Q2370283
Q2418836
Q32547287
Q1535703
Q168555
Q3568287
Q8493613
Q1946738
Q25379992
Q366869
Q61640449
Q862315
Q65215406
Q527773
Q91248242
Q1677272
Q2170861
Q18467636
Q620290
Q40744410
Q40744426
Q1676961
Q2128071
Q107437251
Q107437252
Q99430204
Q51103
Q3108920
Q108645806
Q106543794
Q29094980
Q29094998
Q54575974
Q54576002
Q36510
Q16062151
Q16062152
Q638331
Q20369219
Q3238264
Q115756
Q526407
Q32413027
Q40329547
Q40329576
Q6860492
Q1666385
Q3302436
Q5047216
Q3419803
Q1251502
Q1082420
Q54577389
Q54577392
Q3569712
Q15855080
Q529379
Q16887579
Q6446887
Q12603651
Q26737167
Q219395
Q98995313
Q6308591
Q6699225
Q1025118
Q7732682
Q4590889
Q4590904
Q993475
Q8847642
Q53394028
Q53396392
Q1647674
Q3853144
Q881525
Q98826822
Q98826826
Q65074412
Q104695955
Q104695956
Q5276219
Q39084620
Q39084740
Q9641775
Q7844941
Q95832597
Q73945537
Q9186
Q7858418
Q466493
Q714444
Q7832919
Q9439754
Q2167240
Q482360
Q9106010
Q104714631
Q282110
Q465302
Q61202525
Q6546333
Q1343182
Q2004647
Q109262243
Q7630657
Q54577904
Q54577924
Q56826975
Q5644843
Q110418116
Q110418117
Q21261618
Q463937
Q9149801
Q1530721
Q4931444
Q31078773
Q5108649
Q6758147
Q8303706
Q18205257
Q25378959
Q6640164
Q11791049
Q60149843
Q192707
Q5574104
Q4042
Q2083222
Q12306560
Q16729621
Q22878936
Q3709520
Q522739
Q606125
Q9577706
Q7417921
Q445944
Q1239468
Q5642553
Q1166988
Q326383
Q25013979
Q7246089
Q20191974
Q3509713
Q114801
Q1687736
Q20319065
Q6303254
Q7744833
Q2003523
Q21652372
Q314909
Q8285693
Q105740091
Q105740092
Q13412881
Q14518804
Q7990586
Q1195390
Q10996
Q9185421
Q5134402
Q16214109
Q2329709
Q1391960
Q212512
Q24988502
Q798014
Q798010
Q64786426
Q108544214
Q1606603
Q5836
Q7581815
Q18059015
Q7534183
Q54578456
Q54578463
Q9247821
Q1933793
Q4930408
Q6390302
Q7564554
Q37007572
Q19879437
Q40748074
Q40748099
Q29094736
Q29094757
Q25044771
Q2366744
Q53549
Q256038
Q2844575
Q8546753
Q25730429
Q29370453
Q27329099
Q100882708
Q48774228
Q48774469
Q28834487
Q4673589
Q48792256
Q3476903
Q73675368
Q73678179
Q28404362
Q29938494
Q47698199
Q1901204
Q5387636
Q3746537
Q73944968
Q19364585
Q55381596
Q28224052
Q110736079
Q78615369
Q16301897
Q9628122
Q15679
Q6721232
Q4927352
Q432838
Q28101086
Q28101090
Q12407485
Q42305123
Q20346699
Q14474862
Q17100583
Q18242599
Q18243010
Q6262026
Q6347616
Q3960259
Q4924403
Q8224101
Q16984052
Q79147494
Q79147760
Q2932559
Q4442562
Q52472
Q15792958
Q1228798
Q126792
Q539309
Q16965061
Q4575050
Q22897537
Q105886388
Q273488
Q68478638
Q20050257
Q198962
Q8771019
Q171617
Q27499409
Q100997387
Q16105889
Q5520929
Q28781198
Q380639
Q974795
Q9483769
Q3053241
Q4162200
Q64949
Q8632585
Q13272411
Q4906625
Q361661
Q9554939
Q10748975
Q3709578
Q8848925
Q5459307
Q24189580
Q439315
Q8461413
Q37943204
Q37943213
Q1687615
Q37943270
Q37943278
Q9546687
Q408185
Q38875
Q12912230
Q881804
Q20748329
Q20830287
Q97750763
Q4985987
Q4833671
Q4942853
Q432552
Q5959044
Q6248443
Q4162280
Q12003
Q179150
Q8771805
Q19932230
Q16994369
Q1729668
Q3030096
Q6168030
Q955032
Q13321778
Q104771494
Q37943303
Q37943316
Q20346816
Q4974961
Q6418942
Q7365855
Q8316597
Q11020525
Q2425241
Q2576435
Q8549612
Q721745
Q8549609
Q2117613
Q2504700
Q25768318
Q8053691
Q108807759
Q108807760
Q15835072
Q15835073
Q10329461
Q7658580
Q4760541
Q5170583
Q274069
Q969302
Q20349072
Q96239900
Q99673671
Q105760143
Q51375071
Q525516
Q37943760
Q37943771
